0 0.505556 0.500000 0.288889 0.300275
8 0.302778 0.603306 0.055556 0.049587
8 0.927778 0.278237 0.088889 0.088154
10 0.731944 0.373278 0.152778 0.162534
10 0.686111 0.068871 0.200000 0.132231
10 0.470833 0.055096 0.202778 0.110193
10 0.491667 0.132231 0.172222 0.176309
10 0.284722 0.023416 0.141667 0.046832
10 0.266667 0.095041 0.144444 0.118457
10 0.130556 0.055096 0.150000 0.110193
10 0.020833 0.030303 0.041667 0.060606
10 0.077778 0.184573 0.155556 0.126722
10 0.055556 0.252066 0.111111 0.173554
10 0.188889 0.325069 0.144444 0.121212
10 0.248611 0.393939 0.163889 0.132231
10 0.252778 0.522039 0.155556 0.118457
10 0.075000 0.831956 0.144444 0.143251
10 0.034722 0.962810 0.069444 0.074380
10 0.165278 0.962810 0.152778 0.068871
10 0.176389 0.666667 0.186111 0.159780
10 0.234722 0.753444 0.197222 0.168044
10 0.529167 0.730028 0.169444 0.154270
10 0.930556 0.486226 0.138889 0.162534
10 0.715278 0.768595 0.175000 0.165289
10 0.902778 0.721763 0.155556 0.159780
10 0.523611 0.920110 0.152778 0.137741
10 0.447222 0.987603 0.150000 0.024793
10 0.655556 0.964187 0.166667 0.071625
10 0.809722 0.942149 0.113889 0.115702
10 0.918056 0.976584 0.119444 0.041322
10 0.947222 0.853994 0.105556 0.187328
