0 0.506944 0.500000 0.363889 0.421488
8 0.327778 0.577135 0.061111 0.074380
10 0.359722 0.031680 0.175000 0.063361
10 0.583333 0.190083 0.222222 0.247934
10 0.261111 0.165289 0.205556 0.236915
10 0.125000 0.348485 0.211111 0.201102
10 0.222222 0.530303 0.194444 0.245179
10 0.019444 0.739669 0.038889 0.134986
10 0.295833 0.866391 0.191667 0.256198
10 0.138889 0.965565 0.194444 0.068871
10 0.586111 0.808540 0.211111 0.206612
10 0.813889 0.579890 0.238889 0.223140
10 0.940278 0.701102 0.119444 0.239669
10 0.845833 0.951791 0.247222 0.096419
