0 0.501389 0.501377 0.380556 0.369146
10 0.908333 0.078512 0.183333 0.157025
10 0.966667 0.338843 0.066667 0.203857
10 0.956944 0.488981 0.086111 0.206612
10 0.808333 0.279614 0.211111 0.217631
10 0.801389 0.512397 0.180556 0.187328
10 0.830556 0.646006 0.233333 0.184573
10 0.925000 0.929752 0.150000 0.140496
10 0.848611 0.880165 0.202778 0.212121
10 0.626389 0.958678 0.202778 0.082645
10 0.400000 0.910468 0.216667 0.179063
10 0.175000 0.893939 0.211111 0.212121
10 0.019444 0.881543 0.038889 0.148760
10 0.238889 0.658402 0.216667 0.236915
10 0.476389 0.798898 0.202778 0.192837
10 0.112500 0.433884 0.202778 0.184573
10 0.304167 0.283747 0.202778 0.198347
10 0.513889 0.150138 0.200000 0.261708
10 0.348611 0.039945 0.186111 0.079890
10 0.134722 0.028926 0.175000 0.057851
10 0.034722 0.081267 0.069444 0.157025
10 0.105556 0.180441 0.205556 0.201102
10 0.013889 0.329201 0.027778 0.118457
