0 0.537500 0.501377 0.336111 0.352617
8 0.351389 0.500000 0.063889 0.079890
8 0.012500 0.090909 0.025000 0.066116
10 0.455556 0.225895 0.194444 0.198347
10 0.619444 0.104683 0.216667 0.209366
10 0.109722 0.016529 0.219444 0.033058
10 0.115278 0.341598 0.230556 0.231405
10 0.061111 0.564738 0.122222 0.181818
10 0.213889 0.804408 0.233333 0.225895
10 0.425000 0.775482 0.183333 0.184573
10 0.372222 0.944904 0.216667 0.110193
10 0.759722 0.779614 0.197222 0.187328
10 0.811111 0.681818 0.222222 0.162534
10 0.966667 0.641873 0.066667 0.154270
10 0.958333 0.838843 0.083333 0.217631
10 0.922222 0.892562 0.150000 0.192837
10 0.969444 0.272727 0.061111 0.198347
10 0.837500 0.179063 0.208333 0.258953
10 0.943056 0.016529 0.113889 0.033058
