0 0.498611 0.585399 0.380556 0.421488
8 0.145833 0.307163 0.091667 0.090909
10 0.319444 0.139118 0.177778 0.217631
10 0.776389 0.230028 0.208333 0.245179
10 0.943056 0.111570 0.113889 0.223140
10 0.754167 0.077135 0.213889 0.154270
10 0.519444 0.031680 0.194444 0.063361
10 0.238889 0.020661 0.200000 0.041322
10 0.104167 0.134986 0.208333 0.220386
10 0.518056 0.165289 0.252778 0.181818
10 0.530556 0.304408 0.216667 0.168044
10 0.300000 0.365014 0.205556 0.184573
10 0.784722 0.469697 0.202778 0.195592
10 0.955556 0.530303 0.088889 0.212121
10 0.945833 0.831956 0.108333 0.209366
10 0.886111 0.969697 0.172222 0.060606
10 0.745833 0.793388 0.219444 0.220386
10 0.527778 0.966942 0.172222 0.066116
10 0.680556 0.954545 0.183333 0.090909
10 0.456944 0.888430 0.208333 0.190083
10 0.244444 0.736915 0.172222 0.250689
10 0.229167 0.889807 0.213889 0.192837
10 0.069444 0.741047 0.138889 0.225895
10 0.041667 0.617080 0.083333 0.176309
10 0.052778 0.976584 0.105556 0.046832
