0 0.505556 0.500000 0.416667 0.344353
10 0.661111 0.177686 0.233333 0.206612
10 0.815278 0.494490 0.219444 0.201102
10 0.972222 0.483471 0.055556 0.173554
10 0.919444 0.877410 0.161111 0.195592
10 0.691667 0.928375 0.272222 0.143251
10 0.318056 0.825069 0.219444 0.212121
10 0.168056 0.961433 0.202778 0.077135
10 0.020833 0.917355 0.041667 0.159780
10 0.048611 0.703857 0.097222 0.245179
10 0.051389 0.366391 0.102778 0.253444
10 0.172222 0.458678 0.200000 0.201102
10 0.344444 0.286501 0.255556 0.132231
10 0.459722 0.082645 0.191667 0.165289
10 0.245833 0.041322 0.180556 0.082645
10 0.065278 0.090909 0.130556 0.181818
