0 0.501366 0.495935 0.330601 0.330623
10 0.844262 0.646341 0.218579 0.219512
10 0.591530 0.036585 0.177596 0.073171
10 0.271858 0.069106 0.188525 0.138211
10 0.064208 0.089431 0.128415 0.178862
10 0.069672 0.449864 0.139344 0.200542
10 0.057377 0.897019 0.114754 0.205962
10 0.188525 0.818428 0.185792 0.178862
10 0.423497 0.760163 0.202186 0.170732
10 0.540984 0.925474 0.191257 0.149051
10 0.661202 0.784553 0.207650 0.181572
10 0.927596 0.922764 0.144809 0.154472
10 0.987705 0.768293 0.024590 0.105691
