10 0.902778 0.440771 0.194444 0.214876
10 0.956944 0.232782 0.086111 0.184573
10 0.729167 0.274105 0.230556 0.250689
10 0.650000 0.176309 0.227778 0.242424
10 0.337500 0.031680 0.186111 0.063361
10 0.005556 0.041322 0.011111 0.082645
10 0.088889 0.214876 0.177778 0.220386
10 0.031944 0.436639 0.063889 0.206612
10 0.194444 0.548209 0.211111 0.242424
10 0.008333 0.983471 0.016667 0.033058
10 0.165278 0.911846 0.213889 0.176309
10 0.154167 0.808540 0.241667 0.190083
10 0.390278 0.823691 0.180556 0.192837
10 0.570833 0.943526 0.258333 0.112948
10 0.838889 0.920110 0.216667 0.159780
10 0.648611 0.768595 0.247222 0.209366
10 0.883333 0.673554 0.233333 0.223140
10 0.986111 0.882920 0.027778 0.151515
0 0.513889 0.502755 0.400000 0.382920
