0 0.512500 0.497245 0.358333 0.344353
10 0.915278 0.084022 0.152778 0.162534
10 0.972222 0.443526 0.055556 0.143251
10 0.970833 0.641873 0.058333 0.165289
10 0.916667 0.880165 0.166667 0.184573
10 0.823611 0.648760 0.202778 0.168044
10 0.723611 0.831956 0.175000 0.159780
10 0.495833 0.767218 0.197222 0.157025
10 0.525000 0.953168 0.161111 0.093664
10 0.343056 0.899449 0.147222 0.201102
10 0.166667 0.962810 0.166667 0.074380
10 0.154167 0.796143 0.219444 0.187328
10 0.094444 0.578512 0.188889 0.214876
10 0.248611 0.396694 0.169444 0.209366
10 0.316667 0.213499 0.222222 0.168044
10 0.440278 0.090909 0.219444 0.154270
10 0.727778 0.052342 0.194444 0.104683
10 0.138889 0.074380 0.172222 0.143251
10 0.087500 0.286501 0.175000 0.198347
10 0.012500 0.084022 0.019444 0.118457
