0 0.501389 0.497245 0.258333 0.278237
8 0.894444 0.433884 0.038889 0.046832
8 0.248611 0.421488 0.080556 0.060606
8 0.295833 0.136364 0.063889 0.052342
8 0.733333 0.849862 0.183333 0.223140
10 0.863889 0.293388 0.183333 0.195592
10 0.777778 0.258953 0.177778 0.170799
10 0.987500 0.073003 0.025000 0.123967
10 0.915278 0.856749 0.169444 0.187328
10 0.840278 0.703857 0.158333 0.151515
10 0.990278 0.643251 0.019444 0.079890
10 0.644444 0.976584 0.155556 0.046832
10 0.338889 0.860882 0.188889 0.179063
10 0.319444 0.683196 0.216667 0.165289
10 0.459722 0.245179 0.175000 0.165289
10 0.483333 0.071625 0.194444 0.137741
10 0.577778 0.074380 0.200000 0.148760
10 0.144444 0.279614 0.200000 0.212121
10 0.027778 0.033058 0.044444 0.066116
10 0.055556 0.659780 0.111111 0.184573
