0 0.501389 0.495868 0.297222 0.297521
10 0.959722 0.206612 0.080556 0.225895
10 0.901389 0.475207 0.197222 0.245179
10 0.929167 0.774105 0.141667 0.214876
10 0.708333 0.887052 0.266667 0.225895
10 0.723611 0.626722 0.191667 0.250689
10 0.412500 0.710744 0.230556 0.137741
10 0.347222 0.882920 0.216667 0.162534
10 0.098611 0.876033 0.197222 0.220386
10 0.280556 0.380165 0.233333 0.242424
10 0.468056 0.112948 0.236111 0.220386
10 0.740278 0.114325 0.225000 0.223140
10 0.076389 0.064738 0.152778 0.129477
