0 0.534722 0.530303 0.330556 0.355372
8 0.730556 0.553719 0.050000 0.060606
8 0.205556 0.618457 0.066667 0.057851
10 0.901389 0.092287 0.197222 0.173554
10 0.680556 0.301653 0.177778 0.206612
10 0.622222 0.187328 0.211111 0.220386
10 0.400000 0.140496 0.205556 0.214876
10 0.170833 0.254821 0.236111 0.223140
10 0.888889 0.327824 0.205556 0.209366
10 0.845833 0.542700 0.269444 0.247934
10 0.841667 0.769972 0.200000 0.195592
10 0.338889 0.768595 0.227778 0.181818
10 0.272222 0.936639 0.205556 0.126722
10 0.076389 0.913223 0.147222 0.173554
10 0.094444 0.706612 0.188889 0.201102
