0 0.504167 0.497245 0.313889 0.316804
8 0.755556 0.943526 0.088889 0.096419
10 0.929167 0.904959 0.141667 0.190083
10 0.708333 0.922865 0.211111 0.154270
10 0.336111 0.942149 0.205556 0.115702
10 0.465278 0.778237 0.275000 0.206612
10 0.886111 0.691460 0.211111 0.198347
10 0.820833 0.455923 0.236111 0.234160
10 0.683333 0.264463 0.205556 0.181818
10 0.841667 0.089532 0.238889 0.162534
10 0.755556 0.044077 0.194444 0.088154
10 0.418056 0.015152 0.119444 0.030303
10 0.393056 0.151515 0.202778 0.192837
10 0.168056 0.107438 0.219444 0.198347
10 0.188889 0.392562 0.211111 0.190083
10 0.056944 0.523416 0.113889 0.198347
10 0.120833 0.898072 0.219444 0.203857
