0 0.512500 0.511019 0.313889 0.377410
8 0.688889 0.367769 0.066667 0.057851
10 0.948611 0.067493 0.102778 0.134986
10 0.625000 0.031680 0.261111 0.063361
10 0.554167 0.183196 0.269444 0.206612
10 0.852778 0.308540 0.227778 0.220386
10 0.866667 0.573003 0.205556 0.231405
10 0.890278 0.845730 0.219444 0.225895
10 0.730556 0.958678 0.194444 0.082645
10 0.359722 0.723140 0.219444 0.162534
10 0.568056 0.841598 0.236111 0.217631
10 0.458333 0.983471 0.161111 0.033058
10 0.216667 0.906336 0.211111 0.187328
10 0.040278 0.765840 0.080556 0.198347
10 0.231944 0.479339 0.191667 0.214876
10 0.034722 0.373278 0.069444 0.195592
10 0.086111 0.300275 0.172222 0.220386
10 0.263889 0.148760 0.227778 0.181818
10 0.031944 0.020661 0.063889 0.041322
