1 0.504167 0.497245 0.325000 0.355372
8 0.356944 0.172176 0.075000 0.085399
8 0.184722 0.388430 0.052778 0.055096
8 0.065278 0.573003 0.097222 0.088154
10 0.127778 0.502755 0.216667 0.201102
10 0.079167 0.181818 0.158333 0.192837
10 0.068056 0.035813 0.136111 0.071625
10 0.618056 0.199725 0.175000 0.283747
10 0.873611 0.192837 0.225000 0.198347
10 0.809722 0.128099 0.175000 0.151515
10 0.773611 0.610193 0.230556 0.212121
10 0.859722 0.571625 0.191667 0.245179
10 0.952778 0.567493 0.094444 0.203857
10 0.768056 0.818182 0.219444 0.220386
10 0.483333 0.800275 0.211111 0.212121
10 0.381944 0.805785 0.125000 0.228650
10 0.213889 0.707989 0.255556 0.253444
10 0.158333 0.842975 0.227778 0.220386
10 0.298611 0.304408 0.191667 0.223140
10 0.506944 0.202479 0.175000 0.201102
10 0.494444 0.045455 0.216667 0.090909
