1 0.505556 0.500000 0.361111 0.393939
10 0.794444 0.780992 0.250000 0.245179
10 0.937500 0.444904 0.125000 0.223140
10 0.922222 0.220386 0.155556 0.220386
10 0.895833 0.057851 0.208333 0.115702
10 0.687500 0.092287 0.236111 0.184573
10 0.781944 0.363636 0.186111 0.170799
10 0.745833 0.269972 0.230556 0.187328
10 0.358333 0.202479 0.244444 0.234160
10 0.138889 0.101928 0.250000 0.203857
10 0.122222 0.280992 0.222222 0.214876
10 0.205556 0.384298 0.238889 0.228650
10 0.555556 0.931129 0.233333 0.137741
10 0.119444 0.949036 0.233333 0.101928
