1 0.500000 0.297521 0.400000 0.407713
1 0.493056 0.673554 0.369444 0.371901
8 0.956944 0.118457 0.086111 0.093664
10 0.802778 0.132231 0.183333 0.198347
10 0.961111 0.314050 0.077778 0.253444
10 0.875000 0.556474 0.183333 0.176309
10 0.850000 0.513774 0.216667 0.179063
10 0.909722 0.775482 0.180556 0.212121
10 0.690278 0.896694 0.208333 0.179063
10 0.212500 0.900826 0.208333 0.198347
10 0.098611 0.725895 0.197222 0.190083
10 0.126389 0.454545 0.219444 0.170799
10 0.101389 0.534435 0.169444 0.143251
10 0.234722 0.159780 0.186111 0.181818
10 0.359722 0.050964 0.175000 0.101928
10 0.180556 0.037190 0.211111 0.074380
