1 0.494444 0.502755 0.416667 0.393939
10 0.736111 0.657025 0.233333 0.234160
10 0.791667 0.570248 0.227778 0.242424
10 0.881944 0.424242 0.202778 0.203857
10 0.937500 0.232782 0.125000 0.256198
10 0.766667 0.234160 0.216667 0.253444
10 0.579167 0.176309 0.213889 0.220386
10 0.836111 0.053719 0.205556 0.107438
10 0.915278 0.809917 0.169444 0.236915
10 0.704167 0.889807 0.241667 0.220386
10 0.583333 0.971074 0.205556 0.057851
10 0.463889 0.873278 0.238889 0.225895
10 0.306944 0.958678 0.208333 0.082645
10 0.113889 0.858127 0.222222 0.217631
10 0.288889 0.732782 0.233333 0.209366
10 0.183333 0.500000 0.188889 0.261708
10 0.050000 0.632231 0.100000 0.212121
10 0.120833 0.367769 0.230556 0.245179
10 0.131944 0.112948 0.236111 0.225895
10 0.212500 0.039945 0.208333 0.079890
10 0.519444 0.045455 0.177778 0.090909
