1 0.501389 0.497245 0.363889 0.404959
10 0.843056 0.560606 0.208333 0.201102
10 0.893056 0.772727 0.213889 0.206612
10 0.872222 0.191460 0.194444 0.201102
10 0.762500 0.370523 0.208333 0.201102
10 0.855556 0.943526 0.216667 0.112948
10 0.675000 0.876033 0.222222 0.220386
10 0.470833 0.812672 0.230556 0.187328
10 0.415278 0.944904 0.202778 0.110193
10 0.105556 0.922865 0.194444 0.154270
10 0.069444 0.684573 0.138889 0.223140
10 0.234722 0.203857 0.202778 0.225895
10 0.059722 0.139118 0.119444 0.217631
10 0.438889 0.179063 0.222222 0.242424
10 0.666667 0.194215 0.222222 0.212121
10 0.775000 0.049587 0.211111 0.099174
10 0.429167 0.081267 0.219444 0.162534
10 0.227778 0.041322 0.177778 0.082645
