1 0.502778 0.497245 0.377778 0.382920
10 0.205556 0.348485 0.211111 0.234160
8 0.286111 0.012397 0.083333 0.024793
10 0.061111 0.210744 0.122222 0.173554
10 0.043056 0.318182 0.086111 0.212121
10 0.181944 0.469697 0.236111 0.261708
10 0.538889 0.067493 0.238889 0.134986
10 0.287500 0.086777 0.258333 0.173554
10 0.040278 0.687328 0.080556 0.239669
10 0.077778 0.896694 0.155556 0.206612
10 0.362500 0.840220 0.197222 0.192837
10 0.270833 0.957300 0.230556 0.085399
10 0.666667 0.928375 0.261111 0.143251
10 0.716667 0.741047 0.238889 0.231405
10 0.873611 0.873278 0.252778 0.225895
10 0.763889 0.654270 0.211111 0.195592
10 0.916667 0.501377 0.166667 0.220386
10 0.768056 0.356749 0.230556 0.250689
10 0.758333 0.123967 0.216667 0.247934
10 0.879167 0.101928 0.158333 0.203857
10 0.925000 0.334711 0.150000 0.146006
10 0.947222 0.224518 0.105556 0.134986
