1 0.502778 0.537190 0.338889 0.446281
10 0.681944 0.786501 0.263889 0.278237
10 0.898611 0.571625 0.202778 0.245179
10 0.944444 0.440771 0.111111 0.187328
10 0.918056 0.220386 0.163889 0.236915
10 0.790278 0.367769 0.241667 0.228650
10 0.611111 0.190083 0.233333 0.220386
10 0.523611 0.126722 0.241667 0.242424
10 0.243056 0.365014 0.202778 0.239669
10 0.059722 0.228650 0.119444 0.198347
10 0.066667 0.337466 0.133333 0.168044
10 0.076389 0.549587 0.152778 0.239669
10 0.079167 0.838843 0.158333 0.228650
10 0.241667 0.743802 0.222222 0.209366
10 0.488889 0.928375 0.227778 0.143251
