1 0.505556 0.504132 0.388889 0.347107
8 0.269444 0.595041 0.094444 0.082645
8 0.176389 0.969697 0.102778 0.060606
10 0.125000 0.797521 0.200000 0.184573
10 0.097222 0.601928 0.194444 0.228650
10 0.909722 0.287879 0.180556 0.217631
10 0.933333 0.628099 0.133333 0.209366
10 0.888889 0.816804 0.211111 0.228650
10 0.725000 0.695592 0.188889 0.184573
10 0.538889 0.782369 0.216667 0.203857
10 0.344444 0.873278 0.216667 0.192837
10 0.329167 0.753444 0.208333 0.201102
10 0.373611 0.203857 0.230556 0.214876
10 0.159722 0.147383 0.202778 0.217631
10 0.213889 0.365014 0.227778 0.228650
10 0.706944 0.232782 0.208333 0.206612
10 0.756944 0.070248 0.269444 0.140496
10 0.952778 0.108815 0.094444 0.217631
10 0.506944 0.049587 0.219444 0.099174
10 0.933333 0.944904 0.133333 0.110193
