1 0.500000 0.511019 0.394444 0.426997
10 0.881944 0.522039 0.236111 0.239669
10 0.756944 0.696970 0.219444 0.209366
10 0.926389 0.136364 0.147222 0.223140
10 0.737500 0.071625 0.241667 0.143251
10 0.565278 0.173554 0.208333 0.209366
10 0.358333 0.123967 0.216667 0.247934
10 0.176389 0.060606 0.219444 0.121212
10 0.094444 0.311295 0.188889 0.225895
10 0.179167 0.504132 0.208333 0.203857
10 0.236111 0.723140 0.233333 0.239669
10 0.401389 0.819559 0.241667 0.201102
10 0.137500 0.903581 0.247222 0.192837
10 0.545833 0.950413 0.213889 0.099174
10 0.951389 0.837466 0.097222 0.214876
