1 0.504167 0.508264 0.313889 0.498623
10 0.815278 0.436639 0.258333 0.206612
10 0.880556 0.228650 0.200000 0.198347
10 0.843056 0.657025 0.230556 0.217631
10 0.750000 0.840220 0.238889 0.209366
10 0.870833 0.971074 0.175000 0.057851
10 0.505556 0.889807 0.222222 0.220386
10 0.334722 0.760331 0.219444 0.214876
10 0.198611 0.898072 0.230556 0.203857
10 0.033333 0.847107 0.066667 0.173554
10 0.038889 0.621212 0.077778 0.190083
10 0.080556 0.298898 0.161111 0.223140
10 0.220833 0.126722 0.213889 0.203857
10 0.275000 0.319559 0.211111 0.214876
10 0.611111 0.137741 0.250000 0.209366
10 0.423611 0.048209 0.202778 0.096419
