1 0.500000 0.544077 0.405556 0.404959
10 0.131944 0.691460 0.219444 0.231405
10 0.865278 0.196970 0.230556 0.217631
10 0.677778 0.095041 0.238889 0.190083
10 0.406944 0.082645 0.230556 0.165289
10 0.113889 0.159780 0.227778 0.192837
10 0.198611 0.322314 0.225000 0.187328
10 0.033333 0.337466 0.066667 0.206612
10 0.797222 0.409091 0.200000 0.223140
10 0.801389 0.637741 0.241667 0.245179
10 0.972222 0.579890 0.055556 0.190083
10 0.908333 0.768595 0.183333 0.209366
10 0.550000 0.939394 0.211111 0.121212
10 0.887500 0.938017 0.225000 0.123967
