1 0.509722 0.504132 0.408333 0.380165
8 0.347222 0.803030 0.100000 0.096419
10 0.540278 0.851240 0.225000 0.269972
10 0.776389 0.482094 0.197222 0.330579
10 0.779167 0.801653 0.275000 0.247934
10 0.355556 0.935262 0.211111 0.129477
10 0.176389 0.847107 0.191667 0.228650
10 0.036111 0.776860 0.072222 0.264463
10 0.219444 0.629477 0.244444 0.217631
10 0.202778 0.422865 0.227778 0.322314
10 0.336111 0.239669 0.244444 0.214876
10 0.462500 0.119835 0.213889 0.239669
10 0.722222 0.176309 0.238889 0.275482
10 0.070833 0.075758 0.141667 0.151515
