1 0.505556 0.531680 0.516667 0.468320
10 0.219444 0.632231 0.238889 0.267218
10 0.788889 0.330579 0.238889 0.225895
10 0.895833 0.517906 0.208333 0.203857
10 0.887500 0.118457 0.208333 0.214876
10 0.619444 0.188705 0.216667 0.234160
10 0.313889 0.110193 0.216667 0.220386
10 0.043056 0.115702 0.086111 0.220386
10 0.115278 0.337466 0.230556 0.234160
10 0.134722 0.840220 0.247222 0.209366
10 0.388889 0.931129 0.227778 0.137741
10 0.736111 0.807163 0.250000 0.209366
10 0.948611 0.859504 0.102778 0.225895
10 0.801389 0.958678 0.258333 0.082645
