2 0.505556 0.509642 0.455556 0.462810
10 0.091667 0.049587 0.183333 0.099174
10 0.098611 0.201102 0.197222 0.181818
10 0.068056 0.409091 0.136111 0.217631
10 0.179167 0.527548 0.180556 0.261708
10 0.391667 0.134986 0.188889 0.203857
10 0.920833 0.155647 0.158333 0.212121
10 0.920833 0.433884 0.158333 0.201102
10 0.863889 0.652893 0.205556 0.214876
10 0.776389 0.754821 0.186111 0.192837
10 0.662500 0.750689 0.175000 0.179063
10 0.630556 0.977961 0.150000 0.044077
10 0.429167 0.885675 0.236111 0.228650
10 0.300000 0.728650 0.227778 0.195592
10 0.134722 0.958678 0.230556 0.082645
