2 0.498611 0.509642 0.408333 0.369146
10 0.127778 0.055096 0.200000 0.110193
10 0.341667 0.017906 0.144444 0.035813
10 0.586111 0.110193 0.233333 0.220386
10 0.836111 0.096419 0.216667 0.192837
10 0.987500 0.118457 0.019444 0.099174
10 0.831944 0.311295 0.202778 0.198347
10 0.866667 0.541322 0.227778 0.212121
10 0.948611 0.735537 0.102778 0.203857
10 0.916667 0.935262 0.166667 0.129477
10 0.723611 0.823691 0.208333 0.220386
10 0.495833 0.958678 0.197222 0.082645
10 0.045833 0.911846 0.091667 0.176309
10 0.095833 0.712121 0.191667 0.212121
10 0.088889 0.253444 0.177778 0.220386
