2 0.497222 0.556474 0.344444 0.407713
10 0.211111 0.045455 0.238889 0.090909
10 0.352778 0.213499 0.222222 0.217631
10 0.629167 0.198347 0.247222 0.209366
10 0.895833 0.154270 0.208333 0.225895
10 0.788889 0.392562 0.205556 0.234160
10 0.956944 0.458678 0.086111 0.151515
10 0.852778 0.632231 0.211111 0.201102
10 0.738889 0.838843 0.211111 0.234160
10 0.601389 0.944904 0.225000 0.110193
10 0.279167 0.942149 0.230556 0.115702
10 0.212500 0.767218 0.258333 0.256198
10 0.151389 0.528926 0.197222 0.247934
10 0.015278 0.508264 0.030556 0.140496
