2 0.501389 0.505510 0.386111 0.382920
8 0.836111 0.483471 0.088889 0.090909
8 0.050000 0.071625 0.061111 0.077135
10 0.045833 0.376033 0.091667 0.190083
10 0.170833 0.508264 0.186111 0.206612
10 0.051389 0.724518 0.102778 0.209366
10 0.143056 0.896694 0.225000 0.206612
10 0.288889 0.942149 0.188889 0.115702
10 0.491667 0.910468 0.194444 0.179063
10 0.608333 0.818182 0.216667 0.209366
10 0.688889 0.735537 0.211111 0.148760
10 0.795833 0.910468 0.208333 0.179063
10 0.923611 0.780992 0.152778 0.217631
10 0.965278 0.557851 0.069444 0.190083
10 0.944444 0.454545 0.111111 0.137741
10 0.988889 0.143251 0.022222 0.093664
10 0.845833 0.024793 0.191667 0.049587
10 0.740278 0.143251 0.186111 0.198347
10 0.665278 0.195592 0.186111 0.192837
10 0.465278 0.173554 0.202778 0.209366
10 0.422222 0.038567 0.183333 0.077135
10 0.233333 0.057851 0.194444 0.115702
