2 0.505556 0.498623 0.294444 0.440771
8 0.287500 0.242424 0.058333 0.071625
10 0.137500 0.035813 0.252778 0.071625
10 0.120833 0.173554 0.202778 0.198347
10 0.180556 0.293388 0.200000 0.212121
10 0.051389 0.694215 0.102778 0.198347
10 0.215278 0.747934 0.186111 0.212121
10 0.045833 0.935262 0.091667 0.129477
10 0.194444 0.936639 0.188889 0.126722
10 0.430556 0.942149 0.205556 0.115702
10 0.404167 0.787879 0.197222 0.203857
10 0.651389 0.750689 0.219444 0.212121
10 0.777778 0.869146 0.216667 0.190083
10 0.951389 0.929752 0.097222 0.140496
10 0.941667 0.760331 0.116667 0.225895
10 0.787500 0.571625 0.225000 0.228650
10 0.770833 0.351240 0.191667 0.206612
10 0.943056 0.298898 0.113889 0.245179
10 0.790278 0.117080 0.208333 0.206612
10 0.581944 0.103306 0.208333 0.190083
