2 0.501389 0.502755 0.397222 0.393939
8 0.186111 0.900826 0.072222 0.071625
10 0.073611 0.084022 0.147222 0.168044
10 0.468056 0.020661 0.130556 0.041322
10 0.529167 0.119835 0.197222 0.190083
10 0.722222 0.143251 0.172222 0.203857
10 0.952778 0.013774 0.094444 0.027548
10 0.970833 0.111570 0.058333 0.123967
10 0.979167 0.196970 0.041667 0.140496
10 0.855556 0.377410 0.188889 0.192837
10 0.970833 0.444904 0.058333 0.168044
10 0.956944 0.750689 0.086111 0.179063
10 0.830556 0.793388 0.183333 0.192837
10 0.940278 0.946281 0.119444 0.107438
10 0.868056 0.947658 0.175000 0.104683
10 0.630556 0.801653 0.188889 0.187328
10 0.606944 0.947658 0.169444 0.104683
10 0.419444 0.971074 0.155556 0.057851
10 0.436111 0.833333 0.183333 0.201102
10 0.304167 0.738292 0.247222 0.220386
10 0.068056 0.968320 0.130556 0.063361
10 0.034722 0.749311 0.069444 0.203857
10 0.113889 0.579890 0.211111 0.228650
10 0.191667 0.366391 0.211111 0.198347
