2 0.494444 0.500000 0.394444 0.393939
0 0.809722 0.370523 0.280556 0.278237
11 0.866667 0.658402 0.266667 0.352617
10 0.268056 0.979339 0.152778 0.041322
10 0.590278 0.987603 0.136111 0.024793
10 0.961111 0.918733 0.077778 0.157025
10 0.573611 0.838843 0.219444 0.190083
10 0.672222 0.659780 0.138889 0.250689
10 0.288889 0.836088 0.238889 0.195592
10 0.177778 0.636364 0.194444 0.198347
10 0.081944 0.615702 0.163889 0.212121
10 0.204167 0.400826 0.169444 0.190083
10 0.127778 0.293388 0.216667 0.157025
10 0.052778 0.050964 0.105556 0.101928
10 0.136111 0.114325 0.188889 0.168044
10 0.012500 0.188705 0.025000 0.090909
10 0.250000 0.030303 0.150000 0.060606
10 0.444444 0.028926 0.166667 0.057851
10 0.886111 0.100551 0.227778 0.201102
