2 0.498611 0.498623 0.391667 0.407713
8 0.756944 0.019284 0.069444 0.038567
10 0.923611 0.082645 0.152778 0.165289
10 0.933333 0.307163 0.133333 0.245179
10 0.716667 0.216253 0.233333 0.234160
10 0.800000 0.453168 0.150000 0.201102
10 0.926389 0.604683 0.147222 0.206612
10 0.948611 0.798898 0.102778 0.198347
10 0.912500 0.957300 0.175000 0.085399
10 0.602778 0.862259 0.188889 0.242424
10 0.484722 0.841598 0.136111 0.245179
10 0.183333 0.724518 0.144444 0.176309
10 0.151389 0.965565 0.186111 0.068871
10 0.093056 0.876033 0.158333 0.247934
10 0.045833 0.896694 0.091667 0.206612
10 0.143056 0.326446 0.197222 0.201102
10 0.212500 0.282369 0.230556 0.245179
10 0.447222 0.125344 0.205556 0.228650
10 0.120833 0.037190 0.186111 0.074380
10 0.047222 0.059229 0.094444 0.118457
10 0.029167 0.278237 0.058333 0.236915
