2 0.495833 0.544077 0.397222 0.421488
8 0.097222 0.778237 0.088889 0.079890
10 0.051389 0.155647 0.102778 0.201102
10 0.108333 0.028926 0.166667 0.057851
10 0.308333 0.253444 0.183333 0.209366
10 0.777778 0.034435 0.188889 0.068871
10 0.945833 0.134986 0.108333 0.209366
10 0.734722 0.309917 0.202778 0.190083
10 0.963889 0.382920 0.072222 0.159780
10 0.816667 0.516529 0.177778 0.212121
10 0.927778 0.626722 0.144444 0.223140
10 0.706944 0.787879 0.219444 0.209366
10 0.759722 0.984848 0.113889 0.030303
10 0.431944 0.893939 0.230556 0.212121
10 0.247222 0.775482 0.200000 0.190083
10 0.079167 0.935262 0.158333 0.129477
10 0.211111 0.486226 0.150000 0.234160
10 0.050000 0.444904 0.100000 0.212121
