2 0.566667 0.504132 0.433333 0.402204
8 0.269444 0.268595 0.077778 0.079890
10 0.083333 0.095041 0.166667 0.179063
10 0.319444 0.093664 0.216667 0.187328
10 0.565278 0.067493 0.180556 0.134986
10 0.701389 0.026171 0.141667 0.052342
10 0.837500 0.022039 0.125000 0.044077
10 0.923611 0.147383 0.152778 0.184573
10 0.876389 0.349862 0.191667 0.176309
10 0.941667 0.560606 0.116667 0.195592
10 0.876389 0.571625 0.163889 0.190083
10 0.956944 0.860882 0.086111 0.195592
10 0.790278 0.863636 0.175000 0.206612
10 0.647222 0.812672 0.200000 0.187328
10 0.576389 0.903581 0.191667 0.192837
10 0.329167 0.876033 0.169444 0.170799
10 0.165278 0.955923 0.186111 0.088154
10 0.043056 0.887052 0.086111 0.181818
10 0.308333 0.672176 0.211111 0.181818
10 0.254167 0.473829 0.163889 0.176309
10 0.076389 0.533058 0.152778 0.206612
10 0.102778 0.312672 0.166667 0.184573
