2 0.491667 0.524793 0.361111 0.344353
8 0.730556 0.494490 0.061111 0.068871
10 0.041667 0.194215 0.083333 0.173554
10 0.038889 0.035813 0.077778 0.071625
10 0.475000 0.214876 0.227778 0.220386
10 0.686111 0.104683 0.205556 0.209366
10 0.729167 0.322314 0.225000 0.203857
10 0.947222 0.279614 0.105556 0.195592
10 0.859722 0.528926 0.175000 0.198347
10 0.884722 0.794766 0.219444 0.217631
10 0.897222 0.951791 0.166667 0.096419
10 0.697222 0.979339 0.100000 0.041322
10 0.469444 0.966942 0.211111 0.066116
10 0.526389 0.842975 0.191667 0.176309
10 0.254167 0.922865 0.202778 0.154270
10 0.145833 0.757576 0.258333 0.198347
