2 0.502778 0.500000 0.327778 0.333333
10 0.890278 0.044077 0.219444 0.088154
10 0.868056 0.216253 0.225000 0.245179
10 0.652778 0.235537 0.200000 0.228650
10 0.819444 0.520661 0.200000 0.198347
10 0.758333 0.648760 0.200000 0.195592
10 0.945833 0.837466 0.108333 0.192837
10 0.894444 0.794766 0.194444 0.206612
10 0.773611 0.961433 0.186111 0.077135
10 0.425000 0.867769 0.244444 0.187328
10 0.537500 0.789256 0.219444 0.179063
10 0.255556 0.972452 0.155556 0.055096
10 0.098611 0.893939 0.197222 0.206612
10 0.301389 0.717631 0.191667 0.168044
10 0.109722 0.643251 0.186111 0.223140
10 0.105556 0.538567 0.211111 0.157025
10 0.036111 0.415978 0.072222 0.198347
10 0.261111 0.271350 0.238889 0.239669
10 0.358333 0.096419 0.255556 0.192837
10 0.101389 0.099174 0.202778 0.198347
