2 0.506944 0.497245 0.530556 0.382920
8 0.854167 0.378788 0.108333 0.096419
10 0.280556 0.028926 0.166667 0.057851
10 0.484722 0.075758 0.202778 0.151515
10 0.673611 0.196970 0.186111 0.223140
10 0.906944 0.086777 0.186111 0.173554
10 0.888889 0.198347 0.200000 0.187328
10 0.986111 0.309917 0.027778 0.096419
10 0.850000 0.538567 0.205556 0.195592
10 0.861111 0.648760 0.233333 0.228650
10 0.677778 0.741047 0.205556 0.209366
10 0.920833 0.909091 0.158333 0.181818
10 0.706944 0.933884 0.213889 0.132231
10 0.451389 0.909091 0.208333 0.181818
10 0.206944 0.869146 0.219444 0.228650
10 0.058333 0.746556 0.116667 0.181818
10 0.186111 0.581267 0.188889 0.203857
10 0.220833 0.365014 0.191667 0.195592
10 0.165278 0.150138 0.197222 0.195592
10 0.025000 0.225895 0.050000 0.159780
10 0.069444 0.453168 0.138889 0.195592
