2 0.501389 0.500000 0.330556 0.349862
8 0.797222 0.060606 0.083333 0.066116
10 0.230556 0.185950 0.250000 0.261708
10 0.355556 0.030303 0.211111 0.060606
10 0.112500 0.418733 0.225000 0.236915
10 0.168056 0.705234 0.280556 0.231405
10 0.131944 0.922865 0.225000 0.154270
10 0.350000 0.940771 0.194444 0.118457
10 0.495833 0.811295 0.252778 0.228650
10 0.666667 0.953168 0.216667 0.093664
10 0.681944 0.836088 0.263889 0.256198
10 0.897222 0.958678 0.205556 0.082645
10 0.945833 0.787879 0.108333 0.209366
10 0.865278 0.595041 0.258333 0.236915
10 0.773611 0.224518 0.252778 0.239669
10 0.958333 0.216253 0.083333 0.245179
10 0.943056 0.035813 0.113889 0.071625
