2 0.500000 0.545455 0.405556 0.407713
8 0.962500 0.059229 0.075000 0.063361
10 0.043056 0.023416 0.086111 0.046832
10 0.238889 0.045455 0.194444 0.090909
10 0.463889 0.034435 0.172222 0.068871
10 0.575000 0.172176 0.211111 0.234160
10 0.823611 0.154270 0.202778 0.236915
10 0.962500 0.286501 0.075000 0.181818
10 0.840278 0.402204 0.202778 0.225895
10 0.963889 0.533058 0.072222 0.173554
10 0.725000 0.756198 0.194444 0.201102
10 0.920833 0.825069 0.158333 0.195592
10 0.763889 0.947658 0.211111 0.104683
10 0.525000 0.975207 0.111111 0.049587
10 0.387500 0.844353 0.247222 0.212121
10 0.241667 0.960055 0.227778 0.079890
10 0.051389 0.881543 0.102778 0.187328
10 0.065278 0.647383 0.130556 0.209366
10 0.134722 0.420110 0.225000 0.212121
10 0.333333 0.220386 0.188889 0.192837
10 0.076389 0.196970 0.152778 0.173554
