2 0.506944 0.549587 0.430556 0.393939
8 0.413889 0.312672 0.072222 0.085399
10 0.081944 0.177686 0.163889 0.228650
10 0.293056 0.212121 0.208333 0.203857
10 0.543056 0.236915 0.225000 0.214876
10 0.713889 0.141873 0.183333 0.201102
10 0.919444 0.038567 0.161111 0.077135
10 0.758333 0.013774 0.122222 0.022039
10 0.945833 0.293388 0.108333 0.184573
10 0.954167 0.491736 0.091667 0.151515
10 0.779167 0.413223 0.197222 0.198347
10 0.850000 0.630854 0.233333 0.203857
10 0.911111 0.836088 0.177778 0.190083
10 0.875000 0.968320 0.194444 0.063361
10 0.688889 0.815427 0.194444 0.209366
10 0.643056 0.966942 0.208333 0.066116
10 0.241667 0.774105 0.244444 0.187328
10 0.225000 0.940771 0.177778 0.118457
10 0.061111 0.920110 0.122222 0.159780
10 0.158333 0.579890 0.200000 0.201102
10 0.018056 0.535813 0.036111 0.184573
