2 0.476389 0.516529 0.425000 0.432507
10 0.018056 0.128099 0.036111 0.118457
10 0.059722 0.308540 0.119444 0.198347
10 0.184722 0.391185 0.213889 0.198347
10 0.248611 0.179063 0.219444 0.187328
10 0.525000 0.231405 0.261111 0.176309
10 0.500000 0.084022 0.244444 0.168044
10 0.759722 0.128099 0.225000 0.223140
10 0.829167 0.017906 0.102778 0.035813
10 0.915278 0.490358 0.169444 0.209366
10 0.759722 0.517906 0.175000 0.242424
10 0.870833 0.736915 0.219444 0.206612
10 0.926389 0.949036 0.147222 0.101928
10 0.590278 0.955923 0.236111 0.088154
10 0.511111 0.803030 0.266667 0.179063
10 0.400000 0.907713 0.194444 0.179063
10 0.273611 0.731405 0.230556 0.201102
10 0.200000 0.898072 0.177778 0.203857
10 0.068056 0.668044 0.136111 0.212121
10 0.034722 0.898072 0.069444 0.159780
