2 0.476389 0.500000 0.425000 0.404959
10 0.043056 0.050964 0.086111 0.101928
10 0.255556 0.085399 0.238889 0.170799
10 0.227778 0.296143 0.216667 0.179063
10 0.138889 0.544077 0.216667 0.239669
10 0.044444 0.577135 0.088889 0.201102
10 0.081944 0.866391 0.163889 0.190083
10 0.026389 0.936639 0.052778 0.126722
10 0.508333 0.935262 0.211111 0.129477
10 0.822222 0.958678 0.205556 0.082645
10 0.906944 0.819559 0.186111 0.184573
10 0.756944 0.651515 0.191667 0.206612
10 0.429167 0.793388 0.191667 0.148760
10 0.855556 0.589532 0.205556 0.209366
10 0.959722 0.465565 0.080556 0.192837
10 0.809722 0.345730 0.219444 0.212121
10 0.969444 0.084022 0.061111 0.162534
10 0.776389 0.039945 0.186111 0.079890
