2 0.506944 0.502755 0.363889 0.366391
8 0.706944 0.293388 0.041667 0.041322
10 0.075000 0.387052 0.150000 0.179063
10 0.197222 0.500000 0.211111 0.228650
10 0.029167 0.560606 0.058333 0.112948
10 0.302778 0.812672 0.188889 0.236915
10 0.327778 0.969697 0.177778 0.060606
10 0.588889 0.812672 0.194444 0.187328
10 0.769444 0.951791 0.205556 0.096419
10 0.766667 0.677686 0.205556 0.220386
10 0.941667 0.351240 0.116667 0.245179
10 0.768056 0.360882 0.202778 0.231405
10 0.833333 0.141873 0.211111 0.184573
10 0.613889 0.077135 0.200000 0.154270
10 0.395833 0.184573 0.225000 0.214876
