2 0.500000 0.498623 0.355556 0.380165
10 0.933333 0.093664 0.133333 0.187328
10 0.669444 0.206612 0.216667 0.209366
10 0.495833 0.049587 0.208333 0.099174
10 0.266667 0.081267 0.216667 0.162534
10 0.111111 0.067493 0.200000 0.129477
10 0.031944 0.192837 0.063889 0.187328
10 0.231944 0.292011 0.230556 0.209366
10 0.026389 0.458678 0.052778 0.184573
10 0.172222 0.516529 0.227778 0.217631
10 0.056944 0.742424 0.113889 0.195592
10 0.259722 0.753444 0.241667 0.195592
10 0.319444 0.918733 0.194444 0.162534
10 0.818056 0.943526 0.175000 0.112948
10 0.926389 0.796143 0.147222 0.231405
10 0.731944 0.768595 0.213889 0.231405
10 0.822222 0.522039 0.183333 0.179063
