2 0.504167 0.501377 0.380556 0.374656
10 0.020833 0.046832 0.041667 0.093664
10 0.184722 0.059229 0.197222 0.118457
10 0.236111 0.024793 0.133333 0.049587
10 0.363889 0.230028 0.183333 0.206612
10 0.104167 0.227273 0.208333 0.168044
10 0.065278 0.300275 0.130556 0.225895
10 0.187500 0.460055 0.175000 0.187328
10 0.037500 0.556474 0.075000 0.198347
10 0.125000 0.745179 0.200000 0.184573
10 0.343056 0.783747 0.186111 0.206612
10 0.505556 0.917355 0.222222 0.165289
10 0.286111 0.965565 0.166667 0.068871
10 0.702778 0.808540 0.200000 0.217631
10 0.894444 0.931129 0.211111 0.137741
10 0.911111 0.736915 0.177778 0.190083
10 0.825000 0.450413 0.205556 0.223140
10 0.770833 0.301653 0.219444 0.206612
10 0.970833 0.199725 0.058333 0.157025
