2 0.501389 0.500000 0.347222 0.338843
8 0.637500 0.851240 0.086111 0.104683
10 0.213889 0.371901 0.222222 0.220386
10 0.245833 0.292011 0.208333 0.170799
10 0.490278 0.041322 0.197222 0.082645
10 0.583333 0.141873 0.188889 0.212121
10 0.679167 0.170799 0.197222 0.214876
10 0.784722 0.013774 0.097222 0.027548
10 0.791667 0.404959 0.227778 0.242424
10 0.943056 0.809917 0.113889 0.214876
10 0.873611 0.917355 0.202778 0.165289
10 0.640278 0.939394 0.252778 0.121212
10 0.251389 0.917355 0.219444 0.165289
10 0.072222 0.796143 0.144444 0.242424
10 0.015278 0.581267 0.030556 0.110193
