2 0.504167 0.535813 0.347222 0.344353
10 0.156944 0.081267 0.197222 0.162534
10 0.386111 0.060606 0.222222 0.121212
10 0.509722 0.220386 0.225000 0.192837
10 0.704167 0.020661 0.141667 0.041322
10 0.838889 0.103306 0.172222 0.162534
10 0.736111 0.280992 0.183333 0.203857
10 0.925000 0.320937 0.150000 0.201102
10 0.970833 0.064738 0.058333 0.129477
10 0.097222 0.333333 0.194444 0.264463
10 0.176389 0.641873 0.186111 0.225895
10 0.062500 0.819559 0.125000 0.223140
10 0.076389 0.973829 0.130556 0.052342
10 0.280556 0.940771 0.205556 0.118457
10 0.570833 0.925620 0.219444 0.148760
10 0.791667 0.845730 0.233333 0.209366
10 0.934722 0.928375 0.130556 0.143251
10 0.806944 0.612948 0.213889 0.217631
