2 0.568056 0.504132 0.397222 0.462810
8 0.470833 0.192837 0.080556 0.077135
10 0.061111 0.130854 0.122222 0.223140
10 0.188889 0.318182 0.238889 0.223140
10 0.037500 0.544077 0.075000 0.184573
10 0.037500 0.420110 0.075000 0.151515
10 0.211111 0.564738 0.222222 0.242424
10 0.083333 0.888430 0.166667 0.223140
10 0.348611 0.840220 0.263889 0.209366
10 0.497222 0.980716 0.150000 0.038567
10 0.650000 0.847107 0.233333 0.245179
10 0.858333 0.911846 0.227778 0.176309
10 0.933333 0.727273 0.133333 0.231405
10 0.936111 0.439394 0.127778 0.190083
