8 0.797222 0.362259 0.072222 0.074380
8 0.613889 0.227273 0.077778 0.068871
8 0.769444 0.545455 0.061111 0.060606
8 0.429167 0.093664 0.080556 0.115702
10 0.297222 0.084022 0.211111 0.168044
10 0.113889 0.184573 0.211111 0.231405
10 0.029167 0.063361 0.058333 0.126722
10 0.147222 0.418733 0.205556 0.209366
10 0.181944 0.639118 0.213889 0.220386
10 0.034722 0.585399 0.069444 0.190083
10 0.102778 0.888430 0.205556 0.223140
10 0.250000 0.983471 0.105556 0.033058
10 0.598611 0.946281 0.202778 0.107438
10 0.833333 0.902204 0.216667 0.195592
10 0.968056 0.779614 0.063889 0.165289
10 0.979167 0.639118 0.041667 0.099174
10 0.802778 0.692837 0.216667 0.223140
10 0.886111 0.516529 0.200000 0.212121
10 0.979167 0.387052 0.041667 0.168044
10 0.920833 0.318182 0.158333 0.184573
10 0.983333 0.161157 0.033333 0.134986
10 0.861111 0.057851 0.194444 0.115702
