2 0.494444 0.509642 0.394444 0.396694
10 0.886111 0.090909 0.227778 0.181818
10 0.770833 0.355372 0.175000 0.203857
10 0.938889 0.367769 0.122222 0.228650
10 0.943056 0.597796 0.113889 0.148760
10 0.916667 0.760331 0.166667 0.225895
10 0.737500 0.808540 0.163889 0.201102
10 0.572222 0.830579 0.205556 0.212121
10 0.398611 0.922865 0.191667 0.154270
10 0.168056 0.918733 0.258333 0.162534
10 0.218056 0.710744 0.219444 0.220386
10 0.051389 0.742424 0.102778 0.212121
10 0.062500 0.497245 0.125000 0.223140
10 0.534722 0.196970 0.225000 0.168044
10 0.263889 0.250689 0.166667 0.214876
10 0.176389 0.278237 0.197222 0.225895
10 0.026389 0.128099 0.052778 0.151515
