2 0.500000 0.501377 0.400000 0.402204
8 0.206944 0.139118 0.036111 0.063361
10 0.869444 0.031680 0.144444 0.063361
10 0.566667 0.084022 0.211111 0.168044
10 0.476389 0.168044 0.213889 0.159780
10 0.270833 0.123967 0.197222 0.154270
10 0.048611 0.231405 0.097222 0.148760
10 0.193056 0.318182 0.191667 0.195592
10 0.080556 0.522039 0.161111 0.234160
10 0.170833 0.597796 0.208333 0.214876
10 0.162500 0.833333 0.197222 0.206612
10 0.048611 0.943526 0.097222 0.112948
10 0.552778 0.842975 0.233333 0.225895
10 0.690278 0.953168 0.163889 0.093664
10 0.825000 0.876033 0.183333 0.192837
10 0.929167 0.727273 0.141667 0.209366
10 0.841667 0.557851 0.200000 0.223140
10 0.959722 0.446281 0.080556 0.203857
