2 0.498611 0.500000 0.369444 0.371901
8 0.062500 0.367769 0.052778 0.057851
8 0.011111 0.429752 0.022222 0.071625
8 0.256944 0.247934 0.052778 0.055096
8 0.384722 0.257576 0.047222 0.057851
10 0.086111 0.191460 0.172222 0.256198
10 0.183333 0.409091 0.222222 0.239669
10 0.034722 0.596419 0.069444 0.195592
10 0.226389 0.684573 0.230556 0.228650
10 0.081944 0.807163 0.163889 0.198347
10 0.186111 0.939394 0.216667 0.121212
10 0.581944 0.939394 0.236111 0.121212
10 0.856944 0.888430 0.269444 0.223140
10 0.784722 0.684573 0.208333 0.201102
10 0.950000 0.630854 0.100000 0.214876
10 0.838889 0.464187 0.227778 0.195592
10 0.761111 0.257576 0.238889 0.195592
10 0.833333 0.067493 0.205556 0.134986
