2 0.498611 0.502755 0.497222 0.393939
8 0.408333 0.165289 0.083333 0.077135
8 0.837500 0.724518 0.086111 0.082645
10 0.048611 0.060606 0.097222 0.121212
10 0.200000 0.031680 0.177778 0.063361
10 0.247222 0.152893 0.172222 0.179063
10 0.454167 0.073003 0.230556 0.146006
10 0.680556 0.056474 0.183333 0.112948
10 0.886111 0.053719 0.172222 0.107438
10 0.973611 0.130854 0.052778 0.140496
10 0.833333 0.201102 0.200000 0.181818
10 0.854167 0.403581 0.202778 0.168044
10 0.830556 0.508264 0.205556 0.195592
10 0.980556 0.515152 0.038889 0.126722
10 0.988889 0.705234 0.022222 0.126722
10 0.920833 0.874656 0.158333 0.179063
10 0.731944 0.891185 0.175000 0.184573
10 0.543056 0.933884 0.197222 0.132231
10 0.481944 0.776860 0.202778 0.176309
10 0.259722 0.899449 0.208333 0.201102
10 0.063889 0.926997 0.127778 0.146006
10 0.037500 0.692837 0.075000 0.201102
10 0.247222 0.663912 0.177778 0.225895
10 0.205556 0.421488 0.183333 0.203857
10 0.136111 0.303030 0.183333 0.203857
