2 0.502778 0.502755 0.461111 0.432507
8 0.850000 0.104683 0.061111 0.055096
10 0.169444 0.015152 0.105556 0.030303
10 0.086111 0.141873 0.172222 0.250689
10 0.288889 0.213499 0.183333 0.184573
10 0.162500 0.373278 0.186111 0.206612
10 0.044444 0.501377 0.088889 0.198347
10 0.084722 0.896694 0.169444 0.206612
10 0.320833 0.741047 0.191667 0.220386
10 0.486111 0.979339 0.138889 0.041322
10 0.631944 0.830579 0.191667 0.256198
10 0.856944 0.767218 0.219444 0.190083
10 0.930556 0.553719 0.138889 0.187328
10 0.979167 0.019284 0.041667 0.038567
