2 0.497222 0.501377 0.416667 0.424242
10 0.134722 0.071625 0.208333 0.143251
10 0.363889 0.177686 0.222222 0.228650
10 0.118056 0.272727 0.236111 0.209366
10 0.779167 0.458678 0.208333 0.245179
10 0.973611 0.398072 0.052778 0.146006
10 0.937500 0.725895 0.125000 0.217631
10 0.904167 0.910468 0.191667 0.179063
10 0.695833 0.900826 0.186111 0.198347
10 0.644444 0.982094 0.111111 0.035813
10 0.465278 0.803030 0.191667 0.201102
10 0.255556 0.767218 0.211111 0.261708
10 0.168056 0.906336 0.191667 0.187328
10 0.031944 0.909091 0.063889 0.181818
