3 0.501389 0.498623 0.252778 0.269972
10 0.069444 0.293388 0.138889 0.201102
10 0.080556 0.026171 0.161111 0.052342
10 0.313889 0.041322 0.188889 0.082645
10 0.465278 0.097796 0.180556 0.195592
10 0.611111 0.038567 0.166667 0.077135
10 0.773611 0.152893 0.213889 0.217631
10 0.902778 0.132231 0.194444 0.192837
10 0.925000 0.336088 0.150000 0.198347
10 0.919444 0.559229 0.161111 0.192837
10 0.987500 0.754821 0.025000 0.121212
10 0.911111 0.960055 0.177778 0.079890
10 0.688889 0.906336 0.238889 0.187328
10 0.652778 0.615702 0.205556 0.201102
10 0.401389 0.819559 0.208333 0.201102
10 0.184722 0.801653 0.186111 0.209366
10 0.275000 0.612948 0.188889 0.217631
10 0.175000 0.429752 0.172222 0.165289
