3 0.502778 0.504132 0.400000 0.303030
10 0.941667 0.217631 0.116667 0.165289
10 0.933333 0.132231 0.133333 0.159780
10 0.806944 0.264463 0.147222 0.203857
10 0.962500 0.674931 0.075000 0.170799
10 0.969444 0.869146 0.061111 0.179063
10 0.830556 0.800275 0.188889 0.206612
10 0.844444 0.531680 0.216667 0.214876
10 0.605556 0.747934 0.211111 0.184573
10 0.677778 0.933884 0.194444 0.132231
10 0.425000 0.873278 0.216667 0.203857
10 0.226389 0.657025 0.219444 0.223140
10 0.222222 0.326446 0.200000 0.195592
10 0.313889 0.074380 0.205556 0.143251
10 0.558333 0.056474 0.222222 0.107438
10 0.633333 0.114325 0.211111 0.146006
10 0.756944 0.013774 0.102778 0.022039
10 0.094444 0.168044 0.188889 0.176309
10 0.050000 0.353994 0.100000 0.162534
10 0.106944 0.928375 0.180556 0.143251
