3 0.508333 0.495868 0.277778 0.264463
10 0.044444 0.154270 0.088889 0.159780
10 0.212500 0.064738 0.147222 0.129477
10 0.430556 0.073003 0.150000 0.146006
10 0.662500 0.009642 0.147222 0.019284
10 0.890278 0.035813 0.197222 0.071625
10 0.637500 0.147383 0.230556 0.195592
10 0.343056 0.260331 0.186111 0.195592
10 0.272222 0.595041 0.188889 0.236915
10 0.072222 0.585399 0.144444 0.195592
10 0.155556 0.903581 0.216667 0.192837
10 0.626389 0.917355 0.169444 0.143251
10 0.613889 0.727273 0.216667 0.209366
10 0.762500 0.498623 0.208333 0.214876
10 0.912500 0.559229 0.175000 0.242424
10 0.858333 0.224518 0.283333 0.283747
