3 0.505556 0.498623 0.261111 0.258953
10 0.248611 0.323691 0.213889 0.201102
10 0.488889 0.231405 0.227778 0.242424
10 0.712500 0.057851 0.219444 0.115702
10 0.913889 0.123967 0.172222 0.203857
10 0.751389 0.230028 0.247222 0.190083
10 0.736111 0.435262 0.177778 0.198347
10 0.933333 0.531680 0.133333 0.225895
10 0.795833 0.898072 0.202778 0.203857
10 0.670833 0.690083 0.202778 0.212121
10 0.451389 0.760331 0.191667 0.209366
10 0.237500 0.673554 0.252778 0.146006
10 0.095833 0.825069 0.191667 0.212121
10 0.223611 0.520661 0.225000 0.176309
10 0.045833 0.500000 0.091667 0.217631
