3 0.501389 0.509642 0.275000 0.275482
8 0.247222 0.070248 0.072222 0.063361
10 0.255556 0.232782 0.200000 0.212121
10 0.075000 0.157025 0.150000 0.187328
10 0.086111 0.359504 0.172222 0.195592
10 0.448611 0.163912 0.186111 0.201102
10 0.633333 0.081267 0.211111 0.162534
10 0.700000 0.267218 0.172222 0.176309
10 0.909722 0.301653 0.180556 0.190083
10 0.841667 0.526171 0.200000 0.165289
10 0.723611 0.669421 0.180556 0.203857
10 0.872222 0.899449 0.211111 0.201102
10 0.483333 0.814050 0.172222 0.206612
10 0.254167 0.692837 0.169444 0.201102
10 0.040278 0.695592 0.080556 0.173554
10 0.036111 0.922865 0.072222 0.154270
