3 0.500000 0.542700 0.272222 0.264463
10 0.969444 0.657025 0.061111 0.162534
10 0.893056 0.522039 0.197222 0.212121
10 0.730556 0.579890 0.150000 0.206612
10 0.686111 0.144628 0.161111 0.184573
10 0.620833 0.151515 0.213889 0.220386
10 0.394444 0.097796 0.194444 0.179063
10 0.309722 0.292011 0.225000 0.214876
10 0.738889 0.024793 0.161111 0.049587
10 0.930556 0.019284 0.138889 0.038567
10 0.768056 0.961433 0.169444 0.077135
10 0.616667 0.961433 0.216667 0.077135
10 0.608333 0.869146 0.200000 0.179063
10 0.409722 0.911846 0.175000 0.176309
10 0.298611 0.848485 0.230556 0.220386
10 0.388889 0.717631 0.250000 0.195592
10 0.101389 0.685950 0.202778 0.214876
10 0.163889 0.951791 0.161111 0.096419
10 0.086111 0.909091 0.166667 0.176309
