3 0.498611 0.519284 0.219444 0.228650
8 0.900000 0.665289 0.077778 0.057851
10 0.077778 0.297521 0.155556 0.220386
10 0.069444 0.137741 0.138889 0.220386
10 0.305556 0.242424 0.244444 0.242424
10 0.279167 0.041322 0.169444 0.082645
10 0.622222 0.123967 0.194444 0.203857
10 0.847222 0.125344 0.188889 0.173554
10 0.900000 0.367769 0.200000 0.245179
10 0.684722 0.352617 0.175000 0.209366
10 0.986111 0.195592 0.027778 0.148760
10 0.945833 0.623967 0.108333 0.206612
10 0.941667 0.947658 0.116667 0.104683
10 0.687500 0.906336 0.102778 0.187328
10 0.619444 0.701102 0.244444 0.173554
10 0.506944 0.928375 0.219444 0.143251
10 0.261111 0.910468 0.211111 0.179063
10 0.350000 0.699725 0.211111 0.181818
10 0.212500 0.570248 0.230556 0.209366
10 0.168056 0.500000 0.186111 0.206612
10 0.045833 0.767218 0.091667 0.184573
10 0.063889 0.984848 0.127778 0.030303
