3 0.502778 0.509642 0.244444 0.275482
10 0.022222 0.121212 0.044444 0.143251
10 0.143056 0.073003 0.186111 0.146006
10 0.577778 0.132231 0.233333 0.203857
10 0.666667 0.279614 0.166667 0.168044
10 0.909722 0.162534 0.180556 0.198347
10 0.797222 0.438017 0.205556 0.231405
10 0.912500 0.475207 0.175000 0.195592
10 0.734722 0.684573 0.197222 0.212121
10 0.937500 0.874656 0.125000 0.146006
10 0.733333 0.939394 0.238889 0.121212
10 0.237500 0.976584 0.136111 0.046832
10 0.022222 0.812672 0.044444 0.187328
10 0.072222 0.621212 0.144444 0.173554
