10 0.925000 0.804408 0.150000 0.242424
10 0.913889 0.501377 0.172222 0.214876
10 0.772222 0.670799 0.211111 0.217631
10 0.633333 0.915978 0.227778 0.162534
10 0.405556 0.825069 0.238889 0.228650
10 0.147222 0.887052 0.216667 0.214876
10 0.144444 0.651515 0.227778 0.228650
10 0.208333 0.398072 0.261111 0.223140
10 0.522222 0.096419 0.222222 0.192837
10 0.812500 0.064738 0.180556 0.129477
10 0.895833 0.263085 0.208333 0.223140
10 0.680556 0.243802 0.205556 0.228650
10 0.094444 0.039945 0.188889 0.079890
