4 0.493169 0.513550 0.292350 0.295393
10 0.790984 0.386179 0.232240 0.214092
10 0.867486 0.673442 0.221311 0.246612
10 0.594262 0.752033 0.226776 0.224932
10 0.282787 0.634146 0.199454 0.233062
10 0.139344 0.359079 0.218579 0.214092
10 0.280055 0.197832 0.193989 0.271003
10 0.504098 0.281843 0.215847 0.168022
10 0.748634 0.150407 0.218579 0.235772
10 0.693989 0.065041 0.218579 0.130081
10 0.441257 0.094851 0.254098 0.184282
10 0.091530 0.181572 0.183060 0.222222
10 0.105191 0.691057 0.210383 0.227642
10 0.357923 0.831978 0.234973 0.227642
10 0.924863 0.844173 0.150273 0.214092
10 0.732240 0.586721 0.174863 0.176152
10 0.187158 0.873984 0.259563 0.214092
