4 0.491803 0.491870 0.267760 0.252033
10 0.831967 0.415989 0.193989 0.192412
10 0.956284 0.476965 0.087432 0.227642
10 0.739071 0.403794 0.139344 0.157182
10 0.897541 0.200542 0.204918 0.227642
10 0.883880 0.093496 0.226776 0.186992
10 0.950820 0.792683 0.098361 0.262873
10 0.939891 0.668022 0.120219 0.165312
10 0.767760 0.742547 0.234973 0.227642
10 0.628415 0.788618 0.207650 0.205962
10 0.853825 0.929539 0.221311 0.140921
10 0.610656 0.948509 0.226776 0.102981
10 0.411202 0.789973 0.232240 0.230352
10 0.188525 0.890244 0.218579 0.214092
10 0.110656 0.806233 0.221311 0.186992
10 0.135246 0.590786 0.232240 0.233062
10 0.245902 0.577236 0.213115 0.189702
10 0.094262 0.308943 0.188525 0.222222
10 0.327869 0.280488 0.240437 0.235772
10 0.456284 0.223577 0.245902 0.219512
10 0.643443 0.088076 0.243169 0.165312
10 0.203552 0.113821 0.221311 0.205962
10 0.073770 0.040650 0.147541 0.081301
10 0.383880 0.964770 0.210383 0.070461
