4 0.501389 0.498623 0.341667 0.358127
10 0.830556 0.758953 0.216667 0.223140
10 0.936111 0.417355 0.127778 0.223140
10 0.891667 0.239669 0.216667 0.214876
10 0.720833 0.323691 0.186111 0.190083
10 0.763889 0.417355 0.177778 0.195592
10 0.716667 0.061983 0.222222 0.123967
10 0.527778 0.190083 0.250000 0.231405
10 0.275000 0.334711 0.227778 0.245179
10 0.156944 0.570248 0.225000 0.220386
10 0.101389 0.787879 0.202778 0.209366
10 0.413889 0.931129 0.216667 0.137741
10 0.587500 0.779614 0.241667 0.236915
10 0.184722 0.939394 0.213889 0.121212
10 0.834722 0.955923 0.230556 0.088154
