4 0.493056 0.500000 0.330556 0.316804
10 0.854167 0.450413 0.213889 0.190083
10 0.937500 0.723140 0.125000 0.212121
10 0.686111 0.701102 0.233333 0.212121
10 0.208333 0.808540 0.216667 0.195592
10 0.247222 0.498623 0.211111 0.258953
10 0.909722 0.246556 0.180556 0.206612
10 0.927778 0.922865 0.144444 0.154270
10 0.729167 0.917355 0.208333 0.165289
10 0.509722 0.951791 0.213889 0.096419
10 0.284722 0.961433 0.163889 0.077135
10 0.083333 0.984848 0.150000 0.030303
10 0.037500 0.869146 0.075000 0.206612
10 0.550000 0.228650 0.177778 0.198347
10 0.934722 0.057851 0.130556 0.115702
10 0.690278 0.074380 0.230556 0.148760
10 0.425000 0.090909 0.194444 0.170799
10 0.195833 0.084022 0.208333 0.168044
10 0.281944 0.278237 0.236111 0.181818
10 0.070833 0.415978 0.141667 0.209366
