4 0.502778 0.500000 0.294444 0.316804
8 0.862500 0.746556 0.063889 0.071625
10 0.858333 0.573003 0.222222 0.192837
10 0.958333 0.078512 0.083333 0.157025
10 0.815278 0.108815 0.213889 0.195592
10 0.775000 0.331956 0.238889 0.212121
10 0.666667 0.268595 0.222222 0.234160
10 0.944444 0.869146 0.111111 0.234160
10 0.694444 0.701102 0.205556 0.212121
10 0.769444 0.913223 0.238889 0.173554
10 0.538889 0.935262 0.216667 0.129477
10 0.413889 0.785124 0.227778 0.286501
10 0.183333 0.790634 0.250000 0.258953
10 0.050000 0.906336 0.100000 0.187328
10 0.062500 0.658402 0.125000 0.231405
10 0.231944 0.585399 0.219444 0.212121
10 0.129167 0.402204 0.175000 0.181818
10 0.115278 0.304408 0.230556 0.173554
10 0.341667 0.290634 0.222222 0.212121
10 0.313889 0.093664 0.233333 0.187328
10 0.429167 0.088154 0.186111 0.176309
10 0.113889 0.052342 0.211111 0.104683
