4 0.498611 0.502755 0.275000 0.278237
10 0.740278 0.628099 0.219444 0.187328
10 0.788889 0.115702 0.211111 0.220386
10 0.959722 0.106061 0.080556 0.212121
10 0.654167 0.316804 0.219444 0.236915
10 0.722222 0.460055 0.194444 0.258953
10 0.833333 0.844353 0.272222 0.250689
10 0.376389 0.709366 0.258333 0.179063
10 0.190278 0.570248 0.263889 0.225895
10 0.131944 0.646006 0.163889 0.228650
10 0.038889 0.417355 0.077778 0.212121
10 0.036111 0.803030 0.072222 0.217631
10 0.488889 0.938017 0.255556 0.123967
10 0.251389 0.966942 0.213889 0.066116
10 0.238889 0.292011 0.205556 0.242424
10 0.236111 0.166667 0.288889 0.272727
10 0.095833 0.061983 0.191667 0.123967
