5 0.506944 0.520661 0.336111 0.352617
8 0.023611 0.078512 0.047222 0.079890
8 0.123611 0.402204 0.075000 0.082645
8 0.305556 0.465565 0.077778 0.093664
8 0.173611 0.629477 0.058333 0.068871
8 0.425000 0.889807 0.061111 0.044077
8 0.602778 0.891185 0.066667 0.090909
8 0.738889 0.969697 0.072222 0.060606
10 0.894444 0.809917 0.205556 0.247934
10 0.991667 0.497245 0.016667 0.074380
10 0.409722 0.024793 0.202778 0.049587
10 0.234722 0.252066 0.241667 0.245179
10 0.070833 0.790634 0.141667 0.253444
10 0.240278 0.734160 0.252778 0.184573
10 0.302778 0.876033 0.222222 0.247934
10 0.400000 0.947658 0.250000 0.104683
10 0.787500 0.048209 0.252778 0.096419
10 0.686111 0.264463 0.188889 0.264463
10 0.800000 0.308540 0.194444 0.286501
10 0.898611 0.376033 0.147222 0.190083
