10 0.197222 0.370523 0.222222 0.212121
10 0.127778 0.876033 0.238889 0.247934
10 0.386111 0.980716 0.144444 0.038567
10 0.618056 0.975207 0.213889 0.049587
10 0.691667 0.792011 0.216667 0.305785
10 0.894444 0.730028 0.172222 0.220386
10 0.913889 0.553719 0.172222 0.242424
10 0.908333 0.307163 0.183333 0.239669
10 0.912500 0.157025 0.175000 0.132231
10 0.683333 0.209366 0.244444 0.242424
10 0.580556 0.056474 0.250000 0.112948
10 0.258333 0.055096 0.227778 0.110193
10 0.061111 0.077135 0.116667 0.154270
5 0.487500 0.495868 0.447222 0.446281
