10 0.647222 0.045455 0.205556 0.090909
10 0.901389 0.052342 0.197222 0.099174
10 0.923611 0.199725 0.152778 0.239669
10 0.758333 0.347107 0.200000 0.231405
10 0.868056 0.964187 0.152778 0.071625
10 0.919444 0.944904 0.161111 0.110193
10 0.570833 0.987603 0.147222 0.024793
10 0.659722 0.724518 0.191667 0.187328
10 0.468056 0.882920 0.197222 0.179063
5 0.513889 0.483471 0.350000 0.360882
10 0.063889 0.257576 0.127778 0.206612
10 0.216667 0.516529 0.183333 0.195592
10 0.050000 0.497245 0.100000 0.212121
10 0.062500 0.629477 0.125000 0.195592
10 0.020833 0.807163 0.041667 0.121212
10 0.216667 0.731405 0.194444 0.190083
10 0.355556 0.692837 0.166667 0.206612
