8 0.568056 0.212121 0.075000 0.088154
5 0.502778 0.500000 0.361111 0.349862
10 0.047222 0.159780 0.094444 0.258953
10 0.250000 0.042700 0.227778 0.085399
10 0.184722 0.236915 0.197222 0.236915
10 0.356944 0.106061 0.197222 0.173554
10 0.030556 0.571625 0.061111 0.184573
10 0.148611 0.516529 0.208333 0.212121
10 0.263889 0.641873 0.255556 0.203857
10 0.231944 0.747934 0.241667 0.190083
10 0.018056 0.790634 0.036111 0.154270
10 0.429167 0.950413 0.186111 0.099174
10 0.626389 0.982094 0.147222 0.035813
10 0.791667 0.903581 0.177778 0.192837
10 0.901389 0.972452 0.125000 0.055096
10 0.979167 0.951791 0.041667 0.096419
10 0.965278 0.798898 0.069444 0.231405
10 0.770833 0.366391 0.169444 0.220386
10 0.862500 0.353994 0.175000 0.245179
10 0.920833 0.165289 0.158333 0.176309
10 0.844444 0.064738 0.255556 0.129477
