5 0.504167 0.504132 0.402778 0.413223
10 0.152778 0.111570 0.244444 0.223140
10 0.106944 0.349862 0.213889 0.220386
10 0.108333 0.590909 0.216667 0.228650
10 0.344444 0.929752 0.222222 0.140496
10 0.662500 0.961433 0.213889 0.077135
10 0.725000 0.797521 0.244444 0.223140
10 0.956944 0.940771 0.086111 0.118457
10 0.933333 0.756198 0.133333 0.217631
10 0.876389 0.550964 0.175000 0.192837
10 0.555556 0.170799 0.255556 0.203857
10 0.616667 0.106061 0.244444 0.212121
10 0.775000 0.326446 0.250000 0.278237
10 0.923611 0.015152 0.152778 0.030303
