6 0.508333 0.506887 0.372222 0.385675
10 0.197222 0.114325 0.188889 0.184573
10 0.068056 0.044077 0.136111 0.088154
10 0.315278 0.092287 0.225000 0.184573
10 0.868056 0.111570 0.241667 0.217631
10 0.647222 0.224518 0.211111 0.217631
10 0.945833 0.293388 0.108333 0.184573
10 0.854167 0.516529 0.213889 0.195592
10 0.986111 0.484848 0.027778 0.110193
10 0.775000 0.633609 0.211111 0.209366
10 0.947222 0.699725 0.105556 0.220386
10 0.956944 0.914601 0.086111 0.170799
10 0.793056 0.840220 0.197222 0.170799
10 0.833333 0.975207 0.161111 0.049587
10 0.395833 0.903581 0.247222 0.192837
10 0.209722 0.984848 0.130556 0.030303
10 0.030556 0.955923 0.061111 0.088154
10 0.273611 0.720386 0.197222 0.206612
10 0.208333 0.557851 0.205556 0.228650
10 0.056944 0.617080 0.113889 0.203857
10 0.294444 0.300275 0.183333 0.214876
10 0.066667 0.289256 0.133333 0.203857
