6 0.493056 0.502755 0.380556 0.393939
10 0.945833 0.068871 0.108333 0.137741
10 0.727778 0.114325 0.277778 0.228650
10 0.454167 0.086777 0.191667 0.173554
10 0.405556 0.107438 0.216667 0.209366
10 0.158333 0.136364 0.238889 0.223140
10 0.044444 0.037190 0.088889 0.074380
10 0.066667 0.654270 0.133333 0.212121
10 0.229167 0.610193 0.197222 0.256198
10 0.415278 0.837466 0.175000 0.148760
10 0.323611 0.946281 0.236111 0.107438
10 0.608333 0.804408 0.183333 0.269972
10 0.813889 0.707989 0.188889 0.225895
10 0.918056 0.896694 0.163889 0.206612
10 0.970833 0.658402 0.058333 0.165289
10 0.920833 0.400826 0.158333 0.201102
