6 0.509563 0.500000 0.434426 0.392954
8 0.228142 0.756098 0.090164 0.054201
8 0.448087 0.216802 0.076503 0.059621
8 0.408470 0.069106 0.057377 0.062331
10 0.911202 0.098916 0.177596 0.197832
10 0.752732 0.035230 0.204918 0.070461
10 0.545082 0.059621 0.183060 0.108401
10 0.591530 0.170732 0.204918 0.184282
10 0.778689 0.239837 0.218579 0.214092
10 0.945355 0.388889 0.109290 0.192412
10 0.885246 0.445799 0.229508 0.203252
10 0.941257 0.650407 0.117486 0.189702
10 0.737705 0.806233 0.185792 0.186992
10 0.756831 0.928184 0.240437 0.143631
10 0.556011 0.892954 0.215847 0.170732
10 0.330601 0.964770 0.147541 0.070461
10 0.127049 0.979675 0.133880 0.040650
10 0.032787 0.897019 0.065574 0.205962
10 0.273224 0.867209 0.229508 0.140921
10 0.214481 0.403794 0.188525 0.265583
10 0.035519 0.448509 0.071038 0.170732
10 0.058743 0.326558 0.117486 0.176152
10 0.265027 0.161247 0.213115 0.176152
10 0.215847 0.037940 0.196721 0.075881
10 0.025956 0.142276 0.051913 0.138211
