6 0.497222 0.599174 0.561111 0.663912
8 0.025000 0.407713 0.050000 0.060606
10 0.033333 0.090909 0.066667 0.181818
10 0.193056 0.050964 0.219444 0.101928
10 0.679167 0.257576 0.208333 0.201102
10 0.879167 0.378788 0.208333 0.234160
10 0.977778 0.235537 0.044444 0.123967
10 0.986111 0.520661 0.027778 0.110193
10 0.865278 0.758953 0.197222 0.234160
10 0.418056 0.899449 0.236111 0.201102
10 0.248611 0.987603 0.119444 0.024793
10 0.072222 0.920110 0.144444 0.159780
10 0.215278 0.752066 0.208333 0.187328
10 0.123611 0.429752 0.169444 0.209366
