6 0.500000 0.498623 0.405556 0.407713
10 0.929167 0.173554 0.141667 0.209366
10 0.838889 0.128099 0.194444 0.206612
10 0.569444 0.107438 0.194444 0.181818
10 0.372222 0.060606 0.222222 0.121212
10 0.169444 0.114325 0.183333 0.195592
10 0.029167 0.132231 0.058333 0.165289
10 0.090278 0.293388 0.180556 0.223140
10 0.248611 0.287879 0.191667 0.168044
10 0.180556 0.493113 0.194444 0.203857
10 0.033333 0.570248 0.066667 0.192837
10 0.138889 0.723140 0.216667 0.217631
10 0.240278 0.914601 0.202778 0.170799
10 0.405556 0.805785 0.216667 0.195592
10 0.530556 0.942149 0.255556 0.115702
10 0.770833 0.848485 0.230556 0.192837
10 0.930556 0.918733 0.138889 0.162534
10 0.802778 0.641873 0.216667 0.181818
10 0.898611 0.465565 0.191667 0.203857
