6 0.498611 0.505510 0.375000 0.349862
10 0.755556 0.158402 0.238889 0.217631
10 0.683333 0.026171 0.194444 0.052342
10 0.055556 0.074380 0.111111 0.148760
10 0.327778 0.275482 0.216667 0.231405
10 0.111111 0.393939 0.211111 0.231405
10 0.056944 0.630854 0.113889 0.203857
10 0.225000 0.650138 0.183333 0.192837
10 0.216667 0.893939 0.194444 0.212121
10 0.022222 0.909091 0.044444 0.181818
10 0.384722 0.975207 0.202778 0.049587
10 0.440278 0.822314 0.186111 0.206612
10 0.651389 0.758953 0.208333 0.195592
10 0.919444 0.942149 0.161111 0.115702
10 0.930556 0.749311 0.138889 0.214876
10 0.858333 0.535813 0.216667 0.206612
10 0.970833 0.438017 0.058333 0.159780
10 0.769444 0.365014 0.177778 0.157025
