6 0.498611 0.501377 0.480556 0.573003
10 0.933333 0.188705 0.133333 0.212121
10 0.897222 0.090909 0.205556 0.181818
10 0.676389 0.154270 0.197222 0.170799
10 0.598611 0.132231 0.208333 0.214876
10 0.447222 0.038567 0.238889 0.077135
10 0.215278 0.034435 0.136111 0.068871
10 0.061111 0.103306 0.122222 0.206612
10 0.050000 0.345730 0.100000 0.168044
10 0.061111 0.444904 0.122222 0.162534
10 0.225000 0.455923 0.205556 0.228650
10 0.044444 0.880165 0.088889 0.239669
10 0.070833 0.746556 0.141667 0.181818
10 0.172222 0.858127 0.233333 0.157025
10 0.326389 0.858127 0.213889 0.212121
10 0.626389 0.841598 0.191667 0.168044
10 0.568056 0.911846 0.013889 0.011019
10 0.650000 0.969697 0.250000 0.060606
10 0.962500 0.915978 0.075000 0.168044
10 0.930556 0.710744 0.138889 0.231405
10 0.876389 0.720386 0.191667 0.184573
10 0.838889 0.495868 0.166667 0.209366
10 0.976389 0.443526 0.047222 0.198347
