6 0.498611 0.502755 0.480556 0.382920
10 0.936111 0.056474 0.127778 0.112948
10 0.761111 0.020661 0.161111 0.041322
10 0.651389 0.202479 0.208333 0.206612
10 0.798611 0.217631 0.186111 0.170799
10 0.938889 0.504132 0.122222 0.198347
10 0.804167 0.692837 0.163889 0.212121
10 0.738889 0.757576 0.155556 0.154270
10 0.759722 0.932507 0.297222 0.134986
10 0.984722 0.936639 0.030556 0.126722
10 0.540278 0.765840 0.202778 0.170799
10 0.369444 0.761708 0.222222 0.184573
10 0.137500 0.695592 0.236111 0.201102
10 0.258333 0.968320 0.166667 0.063361
