6 0.502778 0.495868 0.305556 0.534435
10 0.073611 0.114325 0.147222 0.228650
10 0.031944 0.050964 0.063889 0.101928
10 0.256944 0.044077 0.213889 0.088154
10 0.219444 0.283747 0.244444 0.247934
10 0.506944 0.093664 0.258333 0.187328
10 0.684722 0.022039 0.125000 0.044077
10 0.723611 0.192837 0.219444 0.192837
10 0.901389 0.106061 0.197222 0.212121
10 0.886111 0.358127 0.227778 0.198347
10 0.927778 0.573003 0.144444 0.242424
10 0.759722 0.644628 0.225000 0.181818
10 0.894444 0.884298 0.211111 0.231405
10 0.780556 0.973829 0.105556 0.052342
10 0.620833 0.909091 0.208333 0.181818
10 0.315278 0.947658 0.225000 0.104683
10 0.211111 0.808540 0.238889 0.228650
10 0.047222 0.731405 0.094444 0.201102
10 0.111111 0.493113 0.222222 0.203857
