6 0.515278 0.531680 0.436111 0.341598
8 0.572222 0.359504 0.061111 0.057851
10 0.301389 0.053719 0.208333 0.107438
10 0.415278 0.188705 0.197222 0.184573
10 0.655556 0.107438 0.216667 0.187328
10 0.877778 0.024793 0.172222 0.049587
10 0.980556 0.110193 0.038889 0.137741
10 0.755556 0.319559 0.194444 0.209366
10 0.945833 0.373278 0.108333 0.195592
10 0.844444 0.559229 0.205556 0.220386
10 0.905556 0.819559 0.188889 0.184573
10 0.827778 0.961433 0.183333 0.077135
10 0.618056 0.935262 0.180556 0.129477
10 0.251389 0.964187 0.169444 0.071625
10 0.147222 0.949036 0.188889 0.101928
10 0.026389 0.856749 0.052778 0.170799
10 0.287500 0.789256 0.213889 0.217631
10 0.113889 0.690083 0.194444 0.190083
10 0.152778 0.356749 0.211111 0.217631
10 0.041667 0.205234 0.083333 0.168044
