6 0.506944 0.500000 0.436111 0.586777
10 0.118056 0.232782 0.197222 0.184573
10 0.273611 0.338843 0.186111 0.181818
10 0.734722 0.232782 0.208333 0.212121
10 0.943056 0.132231 0.113889 0.198347
10 0.783333 0.057851 0.216667 0.115702
10 0.476389 0.079890 0.197222 0.159780
10 0.262500 0.085399 0.186111 0.165289
10 0.986111 0.411846 0.027778 0.129477
10 0.930556 0.589532 0.138889 0.203857
10 0.825000 0.603306 0.166667 0.214876
10 0.979167 0.823691 0.041667 0.165289
10 0.476389 0.895317 0.230556 0.176309
10 0.286111 0.783747 0.194444 0.195592
10 0.230556 0.918733 0.216667 0.162534
10 0.169444 0.567493 0.200000 0.220386
10 0.033333 0.443526 0.066667 0.187328
