6 0.508333 0.506887 0.477778 0.655647
8 0.295833 0.621212 0.063889 0.052342
8 0.850000 0.015152 0.072222 0.030303
10 0.191667 0.230028 0.211111 0.206612
10 0.058333 0.393939 0.116667 0.214876
10 0.170833 0.533058 0.225000 0.217631
10 0.337500 0.898072 0.191667 0.203857
10 0.159722 0.969697 0.163889 0.060606
10 0.547222 0.903581 0.183333 0.192837
10 0.759722 0.946281 0.213889 0.107438
10 0.806944 0.757576 0.186111 0.231405
10 0.701389 0.721763 0.202778 0.236915
10 0.969444 0.706612 0.061111 0.168044
10 0.819444 0.432507 0.200000 0.236915
10 0.950000 0.263085 0.100000 0.201102
10 0.616667 0.128099 0.266667 0.173554
10 0.483333 0.070248 0.305556 0.134986
10 0.250000 0.031680 0.222222 0.063361
