6 0.500000 0.511019 0.388889 0.426997
10 0.055556 0.122590 0.111111 0.212121
10 0.220833 0.239669 0.208333 0.214876
10 0.418056 0.146006 0.169444 0.165289
10 0.451389 0.073003 0.197222 0.146006
10 0.830556 0.137741 0.194444 0.231405
10 0.969444 0.202479 0.061111 0.146006
10 0.986111 0.351240 0.027778 0.074380
10 0.812500 0.509642 0.197222 0.203857
10 0.720833 0.719008 0.213889 0.176309
10 0.897222 0.852617 0.205556 0.239669
10 0.884722 0.976584 0.119444 0.046832
10 0.601389 0.873278 0.202778 0.203857
10 0.462500 0.972452 0.141667 0.055096
10 0.152778 0.896694 0.205556 0.206612
10 0.019444 0.789256 0.038889 0.134986
10 0.194444 0.457300 0.216667 0.220386
10 0.065278 0.348485 0.130556 0.140496
