7 0.504167 0.500000 0.408333 0.399449
10 0.752778 0.728650 0.216667 0.223140
10 0.777778 0.435262 0.205556 0.247934
10 0.756944 0.301653 0.247222 0.201102
10 0.825000 0.104683 0.211111 0.187328
10 0.400000 0.055096 0.216667 0.110193
10 0.216667 0.342975 0.200000 0.228650
10 0.130556 0.307163 0.144444 0.212121
10 0.136111 0.825069 0.211111 0.217631
10 0.166667 0.742424 0.211111 0.184573
10 0.400000 0.885675 0.205556 0.212121
10 0.381944 0.774105 0.230556 0.165289
10 0.615278 0.907713 0.269444 0.184573
10 0.958333 0.542700 0.083333 0.231405
10 0.930556 0.943526 0.138889 0.112948
8 0.072222 0.061983 0.072222 0.068871
