7 0.506944 0.511019 0.413889 0.415978
8 0.336111 0.314050 0.050000 0.066116
8 0.018056 0.212121 0.036111 0.066116
10 0.312500 0.045455 0.230556 0.090909
10 0.762500 0.048209 0.213889 0.096419
10 0.920833 0.312672 0.158333 0.217631
10 0.675000 0.258953 0.250000 0.192837
10 0.634722 0.159780 0.236111 0.203857
10 0.438889 0.256198 0.222222 0.198347
10 0.177778 0.444904 0.216667 0.223140
10 0.066667 0.944904 0.133333 0.110193
10 0.026389 0.721763 0.052778 0.181818
10 0.455556 0.929752 0.244444 0.140496
10 0.681944 0.884298 0.219444 0.192837
10 0.770833 0.673554 0.208333 0.195592
10 0.959722 0.546832 0.080556 0.201102
10 0.950000 0.763085 0.100000 0.242424
