7 0.501389 0.491736 0.386111 0.454545
8 0.440278 0.735537 0.080556 0.077135
10 0.361111 0.845730 0.200000 0.214876
10 0.569444 0.882920 0.233333 0.217631
10 0.802778 0.808540 0.233333 0.234160
10 0.905556 0.607438 0.188889 0.206612
10 0.902778 0.378788 0.194444 0.201102
10 0.922222 0.103306 0.155556 0.206612
10 0.730556 0.073003 0.216667 0.146006
10 0.365278 0.119835 0.213889 0.212121
10 0.036111 0.095041 0.072222 0.190083
10 0.126389 0.358127 0.230556 0.198347
10 0.325000 0.304408 0.211111 0.184573
10 0.650000 0.247934 0.244444 0.192837
10 0.070833 0.600551 0.141667 0.203857
10 0.031944 0.502755 0.063889 0.201102
10 0.083333 0.942149 0.166667 0.115702
10 0.327778 0.977961 0.211111 0.044077
