7 0.500000 0.502755 0.350000 0.344353
10 0.709722 0.767218 0.197222 0.195592
10 0.730556 0.652893 0.200000 0.209366
10 0.805556 0.511019 0.205556 0.184573
10 0.923611 0.089532 0.152778 0.173554
10 0.650000 0.223140 0.227778 0.192837
10 0.412500 0.230028 0.213889 0.184573
10 0.291667 0.268595 0.216667 0.184573
10 0.290278 0.114325 0.202778 0.201102
10 0.091667 0.150138 0.183333 0.223140
10 0.112500 0.353994 0.175000 0.173554
10 0.093056 0.618457 0.186111 0.195592
10 0.200000 0.808540 0.211111 0.195592
10 0.320833 0.701102 0.208333 0.184573
10 0.255556 0.475207 0.211111 0.278237
10 0.502778 0.917355 0.211111 0.165289
10 0.934722 0.727273 0.130556 0.187328
