7 0.498611 0.501377 0.397222 0.374656
10 0.758333 0.376033 0.216667 0.217631
10 0.909722 0.236915 0.180556 0.214876
10 0.826389 0.060606 0.191667 0.121212
10 0.784722 0.691460 0.230556 0.247934
10 0.958333 0.814050 0.083333 0.206612
10 0.900000 0.962810 0.200000 0.074380
10 0.581944 0.793388 0.225000 0.220386
10 0.437500 0.904959 0.241667 0.190083
10 0.097222 0.938017 0.194444 0.123967
10 0.061111 0.506887 0.122222 0.236915
10 0.227778 0.556474 0.183333 0.275482
10 0.320833 0.319559 0.236111 0.209366
10 0.531944 0.243802 0.213889 0.206612
