7 0.500000 0.552342 0.455556 0.410468
10 0.797222 0.387052 0.266667 0.261708
10 0.930556 0.107438 0.138889 0.209366
10 0.763889 0.632231 0.183333 0.184573
10 0.969444 0.636364 0.061111 0.187328
10 0.933333 0.845730 0.133333 0.198347
10 0.756944 0.904959 0.197222 0.190083
10 0.581944 0.790634 0.208333 0.187328
10 0.476389 0.938017 0.202778 0.123967
10 0.319444 0.746556 0.211111 0.192837
10 0.140278 0.884298 0.197222 0.198347
10 0.172222 0.604683 0.238889 0.184573
10 0.219444 0.312672 0.216667 0.217631
10 0.201389 0.099174 0.191667 0.159780
10 0.054167 0.230028 0.108333 0.223140
10 0.412500 0.163912 0.202778 0.190083
10 0.648611 0.158402 0.197222 0.195592
10 0.465278 0.034435 0.191667 0.068871
10 0.211111 0.046832 0.155556 0.093664
