7 0.504167 0.539945 0.380556 0.380165
10 0.911111 0.712121 0.177778 0.206612
10 0.948611 0.508264 0.102778 0.190083
10 0.930556 0.231405 0.138889 0.203857
10 0.908333 0.053719 0.183333 0.107438
10 0.629167 0.089532 0.236111 0.179063
10 0.115278 0.163912 0.230556 0.212121
10 0.344444 0.327824 0.188889 0.203857
10 0.148611 0.388430 0.208333 0.220386
10 0.270833 0.672176 0.186111 0.203857
10 0.530556 0.858127 0.183333 0.223140
10 0.212500 0.881543 0.213889 0.209366
10 0.048611 0.811295 0.097222 0.206612
10 0.090278 0.590909 0.180556 0.184573
10 0.663889 0.300275 0.172222 0.192837
10 0.572222 0.286501 0.222222 0.137741
