7 0.502778 0.498623 0.422222 0.418733
8 0.093056 0.586777 0.041667 0.049587
8 0.054167 0.626722 0.052778 0.063361
8 0.848611 0.870523 0.069444 0.055096
10 0.784722 0.557851 0.186111 0.250689
10 0.919444 0.523416 0.161111 0.275482
10 0.958333 0.910468 0.083333 0.179063
10 0.534722 0.885675 0.241667 0.228650
10 0.463889 0.801653 0.277778 0.253444
10 0.309722 0.778237 0.219444 0.234160
10 0.790278 0.194215 0.241667 0.228650
10 0.652778 0.034435 0.266667 0.068871
10 0.212500 0.066116 0.313889 0.132231
10 0.269444 0.111570 0.233333 0.173554
10 0.268056 0.269972 0.219444 0.225895
10 0.104167 0.347107 0.208333 0.214876
10 0.029167 0.371901 0.058333 0.154270
