7 0.500000 0.504132 0.388889 0.369146
8 0.090278 0.366391 0.075000 0.055096
10 0.102778 0.089532 0.205556 0.179063
10 0.298611 0.048209 0.225000 0.096419
10 0.197222 0.241047 0.216667 0.195592
10 0.195833 0.433884 0.208333 0.179063
10 0.154167 0.663912 0.213889 0.176309
10 0.084722 0.827824 0.169444 0.206612
10 0.320833 0.931129 0.225000 0.137741
10 0.338889 0.746556 0.227778 0.247934
10 0.563889 0.787879 0.166667 0.264463
10 0.522222 0.910468 0.188889 0.179063
10 0.704167 0.936639 0.186111 0.126722
10 0.795833 0.830579 0.180556 0.212121
10 0.906944 0.705234 0.186111 0.192837
10 0.970833 0.914601 0.058333 0.165289
10 0.826389 0.501377 0.180556 0.214876
10 0.741667 0.513774 0.083333 0.134986
10 0.716667 0.276860 0.222222 0.190083
10 0.790278 0.234160 0.169444 0.165289
10 0.925000 0.191460 0.150000 0.206612
8 0.816667 0.055096 0.061111 0.060606
10 0.569444 0.056474 0.161111 0.112948
10 0.944444 0.049587 0.111111 0.099174
