8 0.502778 0.505510 0.155556 0.168044
10 0.708333 0.417355 0.166667 0.228650
10 0.770833 0.563361 0.225000 0.250689
10 0.954167 0.498623 0.091667 0.214876
10 0.845833 0.241047 0.275000 0.278237
10 0.405556 0.103306 0.238889 0.206612
10 0.293056 0.078512 0.230556 0.157025
10 0.156944 0.406336 0.252778 0.190083
10 0.056944 0.804408 0.113889 0.242424
10 0.112500 0.955923 0.180556 0.088154
10 0.412500 0.962810 0.219444 0.074380
10 0.597222 0.867769 0.244444 0.192837
10 0.836111 0.900826 0.205556 0.198347
10 0.461111 0.707989 0.238889 0.209366
10 0.340278 0.615702 0.219444 0.234160
