8 0.508333 0.504132 0.144444 0.154270
10 0.706944 0.563361 0.225000 0.228650
10 0.858333 0.400826 0.155556 0.217631
10 0.943056 0.409091 0.113889 0.201102
10 0.947222 0.615702 0.105556 0.206612
10 0.666667 0.341598 0.233333 0.231405
10 0.752778 0.121212 0.222222 0.242424
10 0.619444 0.045455 0.183333 0.090909
10 0.541667 0.158402 0.205556 0.195592
10 0.448611 0.034435 0.158333 0.068871
10 0.345833 0.100551 0.241667 0.201102
10 0.133333 0.071625 0.205556 0.143251
10 0.095833 0.413223 0.191667 0.258953
10 0.350000 0.359504 0.233333 0.223140
10 0.259722 0.573003 0.219444 0.242424
10 0.161111 0.838843 0.205556 0.201102
10 0.187500 0.973829 0.191667 0.052342
10 0.397222 0.955923 0.216667 0.088154
10 0.590278 0.887052 0.219444 0.225895
