8 0.506944 0.497245 0.175000 0.190083
10 0.280556 0.274105 0.244444 0.234160
10 0.059722 0.074380 0.119444 0.148760
10 0.794444 0.174931 0.311111 0.217631
10 0.876389 0.030303 0.180556 0.060606
10 0.905556 0.415978 0.188889 0.187328
10 0.930556 0.683196 0.138889 0.236915
10 0.708333 0.694215 0.238889 0.225895
10 0.684722 0.564738 0.225000 0.258953
10 0.805556 0.907713 0.238889 0.184573
10 0.556944 0.902204 0.236111 0.195592
10 0.300000 0.877410 0.216667 0.234160
10 0.080556 0.903581 0.161111 0.192837
