8 0.495833 0.524793 0.225000 0.228650
10 0.615278 0.636364 0.213889 0.247934
10 0.912500 0.426997 0.175000 0.247934
10 0.975000 0.647383 0.050000 0.187328
10 0.837500 0.662534 0.202778 0.272727
10 0.618056 0.951791 0.219444 0.096419
10 0.363889 0.914601 0.233333 0.170799
10 0.379167 0.723140 0.219444 0.195592
10 0.150000 0.851240 0.222222 0.231405
10 0.311111 0.420110 0.227778 0.234160
10 0.548611 0.307163 0.225000 0.206612
10 0.833333 0.279614 0.238889 0.234160
10 0.979167 0.088154 0.041667 0.165289
10 0.708333 0.112948 0.233333 0.225895
10 0.584722 0.023416 0.169444 0.046832
10 0.391667 0.084022 0.216667 0.168044
10 0.194444 0.110193 0.188889 0.220386
10 0.045833 0.100551 0.091667 0.201102
10 0.044444 0.305785 0.088889 0.198347
10 0.094444 0.479339 0.188889 0.220386
