8 0.505556 0.494490 0.227778 0.228650
8 0.038889 0.274105 0.077778 0.123967
8 0.130556 0.134986 0.088889 0.082645
8 0.291667 0.471074 0.100000 0.093664
8 0.038889 0.750689 0.077778 0.085399
8 0.590278 0.727273 0.097222 0.093664
8 0.886111 0.938017 0.122222 0.123967
10 0.686111 0.841598 0.227778 0.217631
10 0.733333 0.601928 0.244444 0.245179
10 0.443056 0.701102 0.191667 0.212121
10 0.447222 0.878788 0.222222 0.181818
10 0.106944 0.896694 0.213889 0.206612
10 0.097222 0.528926 0.194444 0.209366
10 0.445833 0.104683 0.241667 0.209366
10 0.669444 0.055096 0.222222 0.110193
10 0.806944 0.073003 0.230556 0.146006
