8 0.502778 0.556474 0.188889 0.192837
8 0.451389 0.652893 0.097222 0.099174
10 0.443056 0.747934 0.286111 0.201102
10 0.438889 0.057851 0.194444 0.115702
10 0.343056 0.073003 0.219444 0.146006
10 0.112500 0.082645 0.225000 0.165289
10 0.022222 0.184573 0.044444 0.132231
10 0.094444 0.411846 0.188889 0.228650
10 0.262500 0.593664 0.236111 0.190083
10 0.093056 0.932507 0.186111 0.134986
10 0.043056 0.859504 0.086111 0.159780
10 0.370833 0.969697 0.219444 0.060606
10 0.445833 0.931129 0.236111 0.137741
10 0.840278 0.900826 0.241667 0.198347
10 0.637500 0.687328 0.236111 0.250689
10 0.856944 0.634986 0.219444 0.228650
10 0.827778 0.409091 0.238889 0.206612
10 0.765278 0.351240 0.247222 0.184573
10 0.941667 0.274105 0.116667 0.217631
10 0.898611 0.114325 0.202778 0.179063
10 0.955556 0.028926 0.088889 0.057851
10 0.780556 0.050964 0.188889 0.101928
