8 0.504167 0.559229 0.175000 0.148760
10 0.084722 0.095041 0.169444 0.190083
10 0.240278 0.203857 0.230556 0.214876
10 0.365278 0.033058 0.186111 0.066116
10 0.715278 0.111570 0.208333 0.201102
10 0.926389 0.064738 0.147222 0.129477
10 0.888889 0.323691 0.222222 0.201102
10 0.706944 0.449036 0.208333 0.209366
10 0.629167 0.256198 0.197222 0.181818
10 0.459722 0.235537 0.197222 0.217631
10 0.337500 0.424242 0.225000 0.220386
10 0.322222 0.663912 0.222222 0.214876
10 0.297222 0.867769 0.211111 0.214876
10 0.100000 0.842975 0.200000 0.314050
10 0.620833 0.896694 0.241667 0.201102
10 0.829167 0.709366 0.213889 0.223140
10 0.629167 0.696970 0.186111 0.198347
