8 0.505556 0.545455 0.177778 0.187328
10 0.669444 0.425620 0.211111 0.201102
10 0.908333 0.090909 0.183333 0.181818
10 0.958333 0.312672 0.083333 0.201102
10 0.704167 0.179063 0.213889 0.242424
10 0.548611 0.057851 0.191667 0.115702
10 0.315278 0.042700 0.202778 0.085399
10 0.084722 0.046832 0.169444 0.093664
10 0.175000 0.161157 0.216667 0.173554
10 0.290278 0.334711 0.213889 0.217631
10 0.447222 0.340220 0.244444 0.239669
10 0.743056 0.516529 0.286111 0.245179
10 0.819444 0.736915 0.222222 0.195592
10 0.758333 0.834711 0.233333 0.236915
10 0.906944 0.929752 0.186111 0.140496
10 0.979167 0.732782 0.041667 0.176309
10 0.523611 0.840220 0.191667 0.231405
10 0.327778 0.906336 0.250000 0.187328
10 0.173611 0.949036 0.219444 0.101928
10 0.065278 0.804408 0.130556 0.214876
10 0.081944 0.567493 0.163889 0.231405
10 0.333333 0.692837 0.200000 0.195592
