8 0.500000 0.552342 0.177778 0.179063
8 0.731944 0.619835 0.063889 0.060606
8 0.334722 0.355372 0.097222 0.093664
8 0.184722 0.396694 0.086111 0.093664
8 0.055556 0.538567 0.072222 0.057851
10 0.766667 0.763085 0.222222 0.225895
10 0.765278 0.068871 0.219444 0.137741
10 0.947222 0.106061 0.105556 0.212121
10 0.893056 0.263085 0.213889 0.239669
10 0.522222 0.081267 0.227778 0.162534
10 0.305556 0.161157 0.194444 0.201102
10 0.094444 0.151515 0.188889 0.203857
10 0.480556 0.318182 0.183333 0.212121
10 0.677778 0.425620 0.194444 0.206612
10 0.297222 0.515152 0.183333 0.181818
10 0.158333 0.359504 0.227778 0.201102
10 0.126389 0.666667 0.208333 0.236915
10 0.276389 0.764463 0.213889 0.201102
10 0.530556 0.768595 0.211111 0.209366
10 0.797222 0.947658 0.205556 0.104683
10 0.954167 0.909091 0.091667 0.181818
10 0.333333 0.942149 0.244444 0.115702
10 0.176389 0.939394 0.247222 0.121212
8 0.925000 0.823691 0.100000 0.077135
8 0.970833 0.753444 0.058333 0.096419
