8 0.759722 0.465565 0.175000 0.181818
8 0.063889 0.796143 0.127778 0.176309
8 0.930556 0.355372 0.066667 0.077135
10 0.931944 0.410468 0.136111 0.231405
10 0.838889 0.245179 0.194444 0.236915
10 0.713889 0.280992 0.211111 0.198347
10 0.545833 0.115702 0.269444 0.231405
10 0.350000 0.057851 0.233333 0.115702
10 0.487500 0.487603 0.225000 0.258953
10 0.554167 0.541322 0.230556 0.217631
10 0.636111 0.949036 0.211111 0.101928
10 0.283333 0.921488 0.211111 0.157025
10 0.054167 0.537190 0.108333 0.280992
