8 0.508333 0.501377 0.172222 0.159780
10 0.466667 0.790634 0.255556 0.214876
10 0.456944 0.662534 0.258333 0.179063
10 0.673611 0.884298 0.230556 0.231405
10 0.911111 0.862259 0.177778 0.231405
10 0.952778 0.640496 0.094444 0.212121
10 0.695833 0.516529 0.258333 0.228650
10 0.722222 0.331956 0.233333 0.234160
10 0.926389 0.280992 0.147222 0.242424
10 0.802778 0.150138 0.216667 0.206612
10 0.566667 0.089532 0.216667 0.179063
10 0.440278 0.077135 0.197222 0.154270
10 0.055556 0.064738 0.111111 0.129477
10 0.105556 0.254821 0.200000 0.206612
10 0.197222 0.183196 0.205556 0.206612
10 0.261111 0.380165 0.227778 0.203857
10 0.379167 0.371901 0.191667 0.225895
10 0.206944 0.585399 0.202778 0.201102
10 0.212500 0.707989 0.213889 0.209366
10 0.091667 0.860882 0.183333 0.239669
10 0.040278 0.560606 0.080556 0.223140
