8 0.505556 0.511019 0.177778 0.190083
8 0.262500 0.440771 0.097222 0.104683
10 0.165278 0.174931 0.230556 0.217631
10 0.069444 0.044077 0.138889 0.088154
10 0.095833 0.402204 0.191667 0.236915
10 0.370833 0.320937 0.241667 0.234160
10 0.629167 0.314050 0.230556 0.231405
10 0.727778 0.114325 0.211111 0.168044
10 0.608333 0.075758 0.188889 0.151515
10 0.937500 0.056474 0.125000 0.112948
10 0.915278 0.304408 0.169444 0.223140
10 0.862500 0.417355 0.213889 0.223140
10 0.866667 0.707989 0.227778 0.225895
10 0.893056 0.860882 0.202778 0.217631
10 0.650000 0.900826 0.238889 0.198347
10 0.627778 0.685950 0.250000 0.247934
10 0.394444 0.834711 0.211111 0.203857
10 0.248611 0.949036 0.197222 0.101928
10 0.056944 0.617080 0.113889 0.214876
10 0.225000 0.709366 0.238889 0.212121
10 0.334722 0.617080 0.202778 0.203857
10 0.036111 0.943526 0.072222 0.112948
