8 0.498611 0.530303 0.158333 0.157025
8 0.558333 0.640496 0.066667 0.101928
8 0.850000 0.812672 0.105556 0.115702
8 0.075000 0.822314 0.105556 0.096419
8 0.356944 0.460055 0.058333 0.071625
8 0.163889 0.287879 0.061111 0.063361
10 0.061111 0.234160 0.122222 0.220386
10 0.084722 0.052342 0.169444 0.104683
10 0.319444 0.055096 0.238889 0.110193
10 0.745833 0.166667 0.213889 0.250689
10 0.675000 0.023416 0.127778 0.046832
10 0.829167 0.421488 0.219444 0.198347
10 0.972222 0.531680 0.055556 0.176309
10 0.951389 0.761708 0.097222 0.228650
10 0.866667 0.938017 0.205556 0.123967
10 0.670833 0.880165 0.197222 0.201102
10 0.691667 0.586777 0.200000 0.187328
10 0.491667 0.756198 0.222222 0.184573
10 0.202778 0.417355 0.233333 0.212121
10 0.159722 0.661157 0.236111 0.220386
10 0.266667 0.856749 0.227778 0.231405
10 0.070833 0.958678 0.141667 0.082645
