8 0.509722 0.513774 0.186111 0.195592
10 0.672222 0.487603 0.188889 0.258953
10 0.847222 0.575758 0.238889 0.253444
10 0.852778 0.297521 0.233333 0.264463
10 0.962500 0.075758 0.075000 0.146006
10 0.215278 0.107438 0.241667 0.214876
10 0.047222 0.213499 0.094444 0.212121
10 0.468056 0.311295 0.219444 0.209366
10 0.519444 0.720386 0.233333 0.245179
10 0.197222 0.619835 0.238889 0.225895
10 0.081944 0.818182 0.163889 0.225895
10 0.288889 0.907713 0.200000 0.184573
10 0.550000 0.954545 0.216667 0.090909
