8 0.504167 0.498623 0.252778 0.236915
8 0.522222 0.820937 0.183333 0.192837
10 0.745833 0.749311 0.219444 0.253444
10 0.919444 0.727273 0.161111 0.275482
10 0.951389 0.480716 0.097222 0.190083
10 0.905556 0.265840 0.188889 0.234160
10 0.877778 0.239669 0.205556 0.264463
10 0.776389 0.508264 0.252778 0.217631
10 0.652778 0.282369 0.222222 0.223140
10 0.533333 0.081267 0.188889 0.162534
10 0.333333 0.044077 0.172222 0.088154
10 0.170833 0.183196 0.252778 0.234160
10 0.130556 0.462810 0.261111 0.225895
10 0.283333 0.796143 0.227778 0.214876
10 0.290278 0.672176 0.169444 0.126722
10 0.048611 0.928375 0.097222 0.143251
10 0.451389 0.962810 0.119444 0.074380
