8 0.501389 0.501377 0.152778 0.159780
8 0.780556 0.110193 0.105556 0.077135
8 0.606944 0.026171 0.113889 0.052342
10 0.094444 0.082645 0.188889 0.165289
10 0.190278 0.247934 0.230556 0.253444
10 0.429167 0.348485 0.241667 0.217631
10 0.640278 0.220386 0.225000 0.225895
10 0.550000 0.157025 0.255556 0.231405
10 0.827778 0.026171 0.188889 0.052342
10 0.969444 0.068871 0.061111 0.137741
10 0.766667 0.444904 0.233333 0.206612
10 0.951389 0.468320 0.097222 0.231405
10 0.906944 0.691460 0.186111 0.214876
10 0.888889 0.958678 0.222222 0.082645
10 0.737500 0.856749 0.219444 0.220386
10 0.477778 0.907713 0.216667 0.184573
10 0.248611 0.853994 0.230556 0.220386
10 0.311111 0.637741 0.227778 0.217631
10 0.087500 0.640496 0.175000 0.234160
