8 0.509722 0.534435 0.163889 0.165289
10 0.062500 0.045455 0.125000 0.090909
10 0.819444 0.444904 0.222222 0.234160
10 0.813889 0.338843 0.233333 0.209366
10 0.912500 0.622590 0.175000 0.220386
10 0.838889 0.918733 0.211111 0.162534
10 0.758333 0.958678 0.188889 0.082645
10 0.561111 0.903581 0.172222 0.192837
10 0.456944 0.887052 0.230556 0.192837
10 0.063889 0.834711 0.127778 0.269972
10 0.329167 0.713499 0.236111 0.220386
10 0.213889 0.555096 0.161111 0.278237
10 0.258333 0.451791 0.244444 0.209366
10 0.666667 0.210744 0.233333 0.245179
10 0.505556 0.082645 0.222222 0.165289
