8 0.505556 0.493113 0.172222 0.170799
10 0.152778 0.100551 0.288889 0.201102
10 0.047222 0.205234 0.094444 0.201102
10 0.319444 0.256198 0.211111 0.198347
10 0.593056 0.202479 0.213889 0.228650
10 0.715278 0.161157 0.208333 0.234160
10 0.725000 0.406336 0.244444 0.239669
10 0.919444 0.483471 0.161111 0.250689
10 0.887500 0.840220 0.225000 0.209366
10 0.955556 0.743802 0.088889 0.170799
10 0.661111 0.903581 0.250000 0.192837
10 0.676389 0.703857 0.230556 0.206612
10 0.436111 0.683196 0.233333 0.247934
10 0.150000 0.692837 0.227778 0.223140
10 0.095833 0.479339 0.191667 0.231405
10 0.295833 0.487603 0.202778 0.220386
10 0.077778 0.936639 0.155556 0.126722
