8 0.500000 0.500000 0.166667 0.179063
8 0.308333 0.053719 0.072222 0.068871
10 0.075000 0.078512 0.150000 0.157025
10 0.044444 0.250689 0.088889 0.269972
10 0.041667 0.495868 0.083333 0.187328
10 0.043056 0.904959 0.086111 0.190083
10 0.200000 0.847107 0.244444 0.217631
10 0.436111 0.917355 0.233333 0.165289
10 0.726389 0.851240 0.258333 0.258953
10 0.938889 0.928375 0.122222 0.143251
10 0.936111 0.754821 0.127778 0.203857
10 0.677778 0.599174 0.211111 0.212121
10 0.419444 0.699725 0.233333 0.231405
10 0.179167 0.604683 0.213889 0.206612
10 0.265278 0.382920 0.241667 0.198347
10 0.430556 0.213499 0.255556 0.223140
10 0.531944 0.053719 0.269444 0.107438
10 0.687500 0.195592 0.219444 0.203857
10 0.947222 0.140496 0.105556 0.280992
10 0.847222 0.363636 0.211111 0.236915
