8 0.498611 0.500000 0.158333 0.151515
8 0.822222 0.337466 0.088889 0.090909
10 0.905556 0.067493 0.188889 0.134986
10 0.570833 0.077135 0.225000 0.154270
10 0.059722 0.168044 0.119444 0.220386
10 0.520833 0.292011 0.219444 0.220386
10 0.733333 0.194215 0.194444 0.195592
10 0.970833 0.238292 0.058333 0.190083
10 0.973611 0.477961 0.052778 0.195592
10 0.844444 0.559229 0.233333 0.247934
10 0.708333 0.768595 0.261111 0.209366
10 0.783333 0.946281 0.200000 0.107438
10 0.930556 0.947658 0.138889 0.104683
10 0.545833 0.966942 0.213889 0.066116
10 0.155556 0.925620 0.250000 0.148760
10 0.225000 0.746556 0.216667 0.209366
10 0.537500 0.754821 0.225000 0.225895
10 0.306944 0.505510 0.202778 0.206612
10 0.152778 0.366391 0.177778 0.209366
10 0.036111 0.555096 0.072222 0.201102
