8 0.505556 0.497245 0.194444 0.201102
8 0.630556 0.780992 0.083333 0.085399
8 0.340278 0.480716 0.058333 0.063361
10 0.368056 0.331956 0.225000 0.234160
10 0.525000 0.165289 0.183333 0.187328
10 0.204167 0.225895 0.219444 0.203857
10 0.081944 0.085399 0.163889 0.170799
10 0.072222 0.479339 0.144444 0.225895
10 0.186111 0.655647 0.222222 0.231405
10 0.254167 0.943526 0.236111 0.112948
10 0.038889 0.878788 0.077778 0.181818
10 0.062500 0.954545 0.125000 0.090909
10 0.831944 0.946281 0.169444 0.107438
10 0.950000 0.946281 0.094444 0.107438
10 0.406944 0.954545 0.208333 0.090909
10 0.408333 0.710744 0.222222 0.236915
10 0.612500 0.741047 0.197222 0.203857
10 0.726389 0.522039 0.202778 0.267218
10 0.919444 0.482094 0.161111 0.187328
10 0.959722 0.050964 0.080556 0.101928
