8 0.506944 0.537190 0.169444 0.165289
10 0.550000 0.196970 0.233333 0.217631
10 0.273611 0.034435 0.175000 0.068871
10 0.025000 0.074380 0.050000 0.148760
10 0.145833 0.125344 0.175000 0.162534
10 0.898611 0.048209 0.202778 0.096419
10 0.783333 0.202479 0.205556 0.223140
10 0.852778 0.403581 0.188889 0.217631
10 0.656944 0.391185 0.208333 0.275482
10 0.748611 0.601928 0.219444 0.217631
10 0.879167 0.752066 0.208333 0.214876
10 0.975000 0.844353 0.050000 0.162534
10 0.838889 0.931129 0.222222 0.137741
10 0.663889 0.830579 0.211111 0.228650
10 0.365278 0.884298 0.202778 0.220386
10 0.511111 0.953168 0.200000 0.093664
10 0.200000 0.790634 0.188889 0.187328
10 0.050000 0.763085 0.100000 0.231405
10 0.084722 0.534435 0.169444 0.220386
10 0.265278 0.599174 0.208333 0.206612
10 0.408333 0.340220 0.183333 0.179063
10 0.223611 0.312672 0.197222 0.223140
10 0.059722 0.296143 0.119444 0.212121
