8 0.508333 0.500000 0.166667 0.151515
8 0.520833 0.305785 0.080556 0.071625
10 0.218056 0.107438 0.130556 0.214876
10 0.109722 0.092287 0.136111 0.184573
10 0.029167 0.205234 0.058333 0.184573
10 0.036111 0.425620 0.072222 0.190083
10 0.045833 0.612948 0.091667 0.168044
10 0.859722 0.129477 0.241667 0.231405
10 0.838889 0.048209 0.216667 0.096419
10 0.587500 0.041322 0.197222 0.082645
10 0.722222 0.476584 0.227778 0.253444
10 0.905556 0.312672 0.188889 0.206612
10 0.919444 0.538567 0.161111 0.228650
10 0.833333 0.960055 0.250000 0.079890
10 0.581944 0.870523 0.247222 0.225895
10 0.565278 0.661157 0.225000 0.187328
10 0.359722 0.794766 0.213889 0.217631
10 0.350000 0.949036 0.188889 0.101928
