9 0.500000 0.498623 0.488889 0.440771
10 0.086111 0.107438 0.172222 0.214876
10 0.205556 0.315427 0.177778 0.190083
10 0.062500 0.391185 0.125000 0.225895
10 0.175000 0.505510 0.172222 0.173554
10 0.015278 0.589532 0.030556 0.115702
10 0.200000 0.972452 0.194444 0.055096
10 0.405556 0.778237 0.222222 0.168044
10 0.640278 0.779614 0.186111 0.187328
10 0.847222 0.848485 0.200000 0.192837
10 0.619444 0.949036 0.222222 0.101928
10 0.840278 0.490358 0.225000 0.154270
10 0.987500 0.561983 0.025000 0.115702
10 0.845833 0.327824 0.202778 0.159780
10 0.966667 0.224518 0.066667 0.162534
10 0.765278 0.057851 0.197222 0.115702
10 0.544444 0.042700 0.177778 0.085399
10 0.345833 0.024793 0.163889 0.049587
