9 0.505556 0.500000 0.383333 0.371901
8 0.705556 0.333333 0.077778 0.082645
8 0.813889 0.845730 0.077778 0.077135
8 0.779167 0.903581 0.080556 0.077135
8 0.483333 0.917355 0.072222 0.077135
8 0.243056 0.918733 0.063889 0.063361
10 0.065278 0.333333 0.130556 0.236915
10 0.012500 0.107438 0.025000 0.126722
10 0.100000 0.020661 0.138889 0.041322
10 0.890278 0.038567 0.202778 0.077135
10 0.208333 0.231405 0.233333 0.220386
10 0.186111 0.502755 0.227778 0.289256
10 0.826389 0.455923 0.197222 0.223140
10 0.776389 0.371901 0.180556 0.181818
10 0.919444 0.685950 0.161111 0.198347
10 0.980556 0.871901 0.038889 0.118457
10 0.643056 0.803030 0.208333 0.201102
10 0.345833 0.983471 0.102778 0.033058
