9 0.500000 0.500000 0.488889 0.443526
10 0.045833 0.048209 0.091667 0.096419
10 0.240278 0.017906 0.152778 0.035813
10 0.375000 0.112948 0.200000 0.209366
10 0.591667 0.015152 0.127778 0.030303
10 0.252778 0.280992 0.205556 0.181818
10 0.795833 0.360882 0.191667 0.203857
10 0.934722 0.450413 0.130556 0.206612
10 0.844444 0.586777 0.211111 0.214876
10 0.744444 0.769972 0.227778 0.201102
10 0.819444 0.939394 0.211111 0.121212
10 0.195833 0.939394 0.197222 0.121212
10 0.216667 0.696970 0.200000 0.176309
10 0.045833 0.691460 0.091667 0.214876
10 0.012500 0.457300 0.025000 0.121212
