11 0.504167 0.501377 0.436111 0.446281
10 0.801389 0.407713 0.213889 0.231405
10 0.930556 0.117080 0.138889 0.223140
10 0.502778 0.095041 0.172222 0.190083
10 0.337500 0.246556 0.291667 0.190083
10 0.043056 0.292011 0.086111 0.181818
10 0.094444 0.477961 0.188889 0.223140
10 0.836111 0.720386 0.216667 0.206612
10 0.852778 0.921488 0.211111 0.157025
10 0.526389 0.836088 0.191667 0.217631
10 0.343056 0.763085 0.219444 0.242424
10 0.188889 0.847107 0.211111 0.195592
10 0.113889 0.944904 0.227778 0.110193
