11 0.497222 0.501377 0.388889 0.407713
8 0.208333 0.493113 0.077778 0.088154
10 0.127778 0.187328 0.211111 0.214876
10 0.868056 0.188705 0.263889 0.217631
10 0.895833 0.406336 0.208333 0.212121
10 0.788889 0.567493 0.188889 0.225895
10 0.775000 0.807163 0.205556 0.220386
10 0.948611 0.889807 0.102778 0.220386
10 0.531944 0.889807 0.186111 0.220386
10 0.323611 0.951791 0.213889 0.096419
10 0.098611 0.953168 0.197222 0.093664
10 0.050000 0.690083 0.100000 0.206612
10 0.215278 0.633609 0.208333 0.225895
10 0.451389 0.168044 0.202778 0.198347
10 0.534722 0.093664 0.219444 0.187328
10 0.801389 0.039945 0.213889 0.079890
10 0.304167 0.057851 0.186111 0.115702
