11 0.509722 0.497245 0.391667 0.509642
10 0.772222 0.395317 0.216667 0.234160
10 0.916667 0.038567 0.166667 0.077135
10 0.254167 0.161157 0.225000 0.217631
10 0.081944 0.269972 0.163889 0.209366
10 0.220833 0.407713 0.202778 0.236915
10 0.777778 0.691460 0.222222 0.247934
10 0.734722 0.819559 0.208333 0.239669
10 0.931944 0.837466 0.136111 0.203857
10 0.488889 0.915978 0.216667 0.168044
10 0.288889 0.769972 0.211111 0.184573
10 0.065278 0.780992 0.130556 0.206612
10 0.216667 0.938017 0.216667 0.123967
