11 0.540278 0.501377 0.530556 0.391185
8 0.377778 0.108815 0.088889 0.079890
10 0.268056 0.677686 0.263889 0.220386
10 0.205556 0.517906 0.188889 0.264463
10 0.152778 0.876033 0.205556 0.220386
10 0.398611 0.815427 0.302778 0.198347
10 0.609722 0.829201 0.247222 0.192837
10 0.712500 0.939394 0.313889 0.121212
10 0.409722 0.964187 0.197222 0.071625
10 0.059722 0.634986 0.119444 0.239669
10 0.029167 0.526171 0.058333 0.176309
10 0.073611 0.406336 0.147222 0.190083
10 0.043056 0.225895 0.086111 0.181818
10 0.347222 0.325069 0.222222 0.214876
10 0.315278 0.254821 0.275000 0.239669
10 0.134722 0.078512 0.225000 0.157025
10 0.312500 0.048209 0.175000 0.096419
10 0.201389 0.143251 0.275000 0.209366
10 0.541667 0.075758 0.227778 0.151515
10 0.665278 0.243802 0.219444 0.184573
10 0.556944 0.246556 0.186111 0.223140
10 0.841667 0.096419 0.233333 0.192837
10 0.762500 0.079890 0.208333 0.159780
10 0.894444 0.501377 0.211111 0.247934
10 0.711111 0.577135 0.161111 0.327824
10 0.965278 0.257576 0.069444 0.190083
10 0.881944 0.707989 0.236111 0.220386
10 0.965278 0.866391 0.069444 0.239669
10 0.826389 0.812672 0.208333 0.236915
10 0.958333 0.064738 0.083333 0.129477
