11 0.494444 0.500000 0.461111 0.454545
10 0.070833 0.064738 0.141667 0.129477
10 0.516667 0.187328 0.227778 0.220386
10 0.744444 0.088154 0.222222 0.176309
10 0.909722 0.112948 0.180556 0.225895
10 0.930556 0.446281 0.138889 0.303030
10 0.793056 0.541322 0.191667 0.278237
10 0.726389 0.703857 0.202778 0.228650
10 0.555556 0.876033 0.205556 0.247934
10 0.306944 0.750689 0.236111 0.239669
10 0.129167 0.571625 0.213889 0.239669
10 0.168056 0.351240 0.202778 0.311295
10 0.027778 0.316804 0.055556 0.225895
10 0.230556 0.939394 0.172222 0.121212
