11 0.502778 0.564738 0.411111 0.446281
8 0.438889 0.946281 0.072222 0.063361
10 0.261111 0.925620 0.222222 0.148760
10 0.073611 0.909091 0.147222 0.181818
10 0.170833 0.134986 0.202778 0.209366
10 0.154167 0.060606 0.191667 0.121212
10 0.025000 0.104683 0.050000 0.192837
10 0.061111 0.432507 0.122222 0.214876
10 0.076389 0.713499 0.152778 0.203857
10 0.144444 0.629477 0.194444 0.217631
10 0.297222 0.739669 0.183333 0.261708
10 0.451389 0.844353 0.252778 0.212121
10 0.688889 0.880165 0.194444 0.223140
10 0.736111 0.938017 0.211111 0.123967
10 0.869444 0.730028 0.194444 0.198347
10 0.926389 0.969697 0.147222 0.060606
10 0.819444 0.498623 0.250000 0.176309
10 0.931944 0.373278 0.136111 0.212121
10 0.961111 0.276860 0.077778 0.206612
10 0.745833 0.132231 0.230556 0.214876
10 0.818056 0.019284 0.169444 0.038567
10 0.683333 0.323691 0.216667 0.217631
10 0.559722 0.246556 0.219444 0.223140
10 0.336111 0.316804 0.216667 0.198347
10 0.225000 0.355372 0.233333 0.220386
