11 0.502778 0.504132 0.461111 0.374656
8 0.973611 0.690083 0.052778 0.079890
8 0.050000 0.504132 0.072222 0.088154
10 0.102778 0.326446 0.200000 0.195592
10 0.038889 0.187328 0.077778 0.187328
10 0.518056 0.166667 0.241667 0.228650
10 0.706944 0.084022 0.208333 0.168044
10 0.218056 0.027548 0.186111 0.055096
10 0.693056 0.305785 0.197222 0.203857
10 0.906944 0.274105 0.186111 0.206612
10 0.955556 0.121212 0.088889 0.220386
10 0.911111 0.483471 0.177778 0.190083
10 0.241667 0.679063 0.222222 0.206612
10 0.191667 0.465565 0.200000 0.203857
10 0.338889 0.877410 0.216667 0.212121
10 0.031944 0.677686 0.063889 0.187328
10 0.802778 0.957300 0.205556 0.085399
10 0.908333 0.921488 0.183333 0.157025
