11 0.501389 0.497245 0.363889 0.366391
8 0.093056 0.898072 0.113889 0.088154
10 0.106944 0.716253 0.197222 0.198347
10 0.322222 0.187328 0.233333 0.203857
10 0.131944 0.095041 0.219444 0.190083
10 0.159722 0.347107 0.236111 0.209366
10 0.440278 0.125344 0.202778 0.217631
10 0.637500 0.210744 0.191667 0.201102
10 0.738889 0.057851 0.244444 0.115702
10 0.863889 0.203857 0.205556 0.220386
10 0.948611 0.370523 0.102778 0.190083
10 0.838889 0.555096 0.194444 0.223140
10 0.745833 0.650138 0.202778 0.220386
10 0.972222 0.674931 0.055556 0.165289
10 0.919444 0.955923 0.161111 0.088154
10 0.759722 0.895317 0.230556 0.209366
10 0.619444 0.893939 0.205556 0.212121
10 0.380556 0.900826 0.244444 0.198347
10 0.308333 0.706612 0.194444 0.184573
10 0.184722 0.538567 0.236111 0.173554
