11 0.500000 0.570248 0.361111 0.550964
8 0.743056 0.263085 0.141667 0.112948
8 0.925000 0.410468 0.100000 0.110193
10 0.941667 0.246556 0.116667 0.217631
10 0.877778 0.075758 0.200000 0.151515
10 0.881944 0.136364 0.197222 0.217631
10 0.913889 0.589532 0.172222 0.203857
10 0.808333 0.556474 0.188889 0.192837
10 0.887500 0.730028 0.225000 0.214876
10 0.766667 0.732782 0.216667 0.242424
10 0.920833 0.951791 0.158333 0.096419
10 0.909722 0.931129 0.180556 0.137741
10 0.665278 0.796143 0.202778 0.209366
10 0.601389 0.889807 0.230556 0.181818
10 0.490278 0.911846 0.247222 0.176309
10 0.280556 0.830579 0.216667 0.223140
10 0.231944 0.702479 0.219444 0.280992
10 0.194444 0.451791 0.183333 0.209366
10 0.050000 0.290634 0.100000 0.261708
10 0.043056 0.504132 0.086111 0.192837
10 0.022222 0.577135 0.044444 0.184573
10 0.215278 0.336088 0.202778 0.187328
10 0.176389 0.183196 0.197222 0.245179
10 0.116667 0.082645 0.216667 0.165289
10 0.377778 0.228650 0.188889 0.192837
10 0.563889 0.196970 0.183333 0.245179
10 0.633333 0.085399 0.227778 0.170799
10 0.595833 0.038567 0.236111 0.077135
10 0.309722 0.031680 0.186111 0.063361
