11 0.502778 0.504132 0.461111 0.457300
8 0.125000 0.539945 0.105556 0.082645
10 0.198611 0.140496 0.241667 0.225895
10 0.411111 0.190083 0.238889 0.231405
10 0.138889 0.338843 0.272222 0.253444
10 0.062500 0.472452 0.125000 0.223140
10 0.126389 0.650138 0.252778 0.198347
10 0.248611 0.636364 0.202778 0.303030
10 0.304167 0.776860 0.258333 0.187328
10 0.081944 0.816804 0.163889 0.195592
10 0.112500 0.925620 0.225000 0.148760
10 0.326389 0.911846 0.219444 0.176309
10 0.523611 0.822314 0.202778 0.250689
10 0.693056 0.848485 0.225000 0.303030
10 0.880556 0.745179 0.238889 0.250689
10 0.919444 0.269972 0.161111 0.220386
10 0.743056 0.329201 0.236111 0.283747
10 0.902778 0.074380 0.194444 0.148760
10 0.969444 0.442149 0.061111 0.195592
