11 0.505556 0.548209 0.455556 0.424242
10 0.830556 0.588154 0.205556 0.217631
10 0.937500 0.680441 0.125000 0.209366
10 0.881944 0.900826 0.236111 0.198347
10 0.701389 0.796143 0.219444 0.203857
10 0.487500 0.902204 0.208333 0.195592
10 0.304167 0.775482 0.213889 0.217631
10 0.054167 0.782369 0.108333 0.203857
10 0.215278 0.495868 0.197222 0.231405
10 0.088889 0.362259 0.172222 0.201102
10 0.084722 0.095041 0.169444 0.190083
10 0.300000 0.074380 0.216667 0.148760
10 0.258333 0.271350 0.183333 0.190083
10 0.516667 0.228650 0.211111 0.209366
10 0.768056 0.371901 0.219444 0.203857
10 0.938889 0.307163 0.122222 0.201102
10 0.781944 0.028926 0.180556 0.057851
10 0.956944 0.037190 0.080556 0.074380
