11 0.501389 0.500000 0.413889 0.454545
10 0.825000 0.247934 0.283333 0.198347
10 0.905556 0.119835 0.188889 0.151515
10 0.868056 0.637741 0.263889 0.190083
10 0.658333 0.717631 0.250000 0.228650
10 0.797222 0.865014 0.305556 0.154270
10 0.787500 0.971074 0.213889 0.057851
10 0.444444 0.845730 0.216667 0.220386
10 0.145833 0.909091 0.247222 0.181818
10 0.036111 0.871901 0.072222 0.151515
10 0.238889 0.665289 0.188889 0.223140
10 0.047222 0.528926 0.094444 0.187328
10 0.131944 0.426997 0.263889 0.198347
10 0.059722 0.252066 0.119444 0.162534
10 0.112500 0.050964 0.225000 0.101928
10 0.258333 0.239669 0.216667 0.231405
10 0.416667 0.195592 0.200000 0.220386
10 0.579167 0.093664 0.186111 0.187328
