0 0.501389 0.504132 0.263889 0.308540
10 0.944444 0.056474 0.111111 0.112948
10 0.916667 0.230028 0.166667 0.173554
10 0.747222 0.050964 0.222222 0.096419
10 0.498611 0.107438 0.241667 0.209366
10 0.250000 0.059229 0.194444 0.112948
10 0.091667 0.110193 0.183333 0.154270
10 0.287500 0.249311 0.213889 0.217631
10 0.047222 0.320937 0.083333 0.201102
10 0.030556 0.557851 0.061111 0.162534
10 0.766667 0.426997 0.188889 0.220386
10 0.959722 0.490358 0.080556 0.192837
10 0.834722 0.648760 0.275000 0.179063
10 0.804167 0.840220 0.208333 0.170799
10 0.965278 0.841598 0.069444 0.173554
10 0.845833 0.977961 0.097222 0.038567
10 0.580556 0.968320 0.205556 0.063361
10 0.579167 0.926997 0.225000 0.118457
10 0.297222 0.940771 0.200000 0.107438
10 0.159722 0.793388 0.225000 0.203857
