0 0.504167 0.534435 0.386111 0.363636
10 0.947222 0.077135 0.105556 0.154270
10 0.762500 0.028926 0.180556 0.057851
10 0.411111 0.132231 0.194444 0.198347
10 0.119444 0.148760 0.200000 0.209366
10 0.025000 0.037190 0.050000 0.074380
10 0.177778 0.366391 0.183333 0.203857
10 0.777778 0.184573 0.216667 0.187328
10 0.704167 0.271350 0.197222 0.190083
10 0.800000 0.465565 0.216667 0.187328
10 0.973611 0.472452 0.052778 0.190083
10 0.759722 0.720386 0.208333 0.212121
10 0.941667 0.957300 0.116667 0.085399
10 0.702778 0.925620 0.177778 0.148760
10 0.529167 0.830579 0.175000 0.190083
10 0.197222 0.825069 0.205556 0.206612
10 0.211111 0.584022 0.177778 0.198347
10 0.075000 0.584022 0.144444 0.214876
10 0.093056 0.966942 0.175000 0.066116
10 0.345833 0.940771 0.247222 0.118457
