0 0.506944 0.512397 0.347222 0.374656
8 0.266667 0.949036 0.111111 0.101928
10 0.919444 0.099174 0.161111 0.187328
10 0.522222 0.044077 0.227778 0.088154
10 0.086111 0.190083 0.172222 0.192837
10 0.200000 0.389807 0.194444 0.162534
10 0.419444 0.198347 0.211111 0.192837
10 0.723611 0.234160 0.202778 0.192837
10 0.837500 0.443526 0.186111 0.181818
10 0.972222 0.548209 0.055556 0.187328
10 0.802778 0.651515 0.194444 0.162534
10 0.097222 0.595041 0.166667 0.192837
10 0.093056 0.891185 0.186111 0.195592
10 0.343056 0.763085 0.219444 0.165289
10 0.601389 0.761708 0.213889 0.217631
10 0.745833 0.968320 0.197222 0.063361
10 0.450000 0.925620 0.183333 0.148760
