0 0.500000 0.501377 0.333333 0.330579
10 0.751389 0.367769 0.175000 0.162534
10 0.631944 0.210744 0.213889 0.201102
10 0.809722 0.093664 0.208333 0.187328
10 0.477778 0.075758 0.222222 0.151515
10 0.184722 0.144628 0.208333 0.201102
10 0.095833 0.520661 0.186111 0.214876
10 0.102778 0.754821 0.205556 0.198347
10 0.734722 0.673554 0.197222 0.217631
10 0.918056 0.564738 0.163889 0.192837
10 0.681944 0.900826 0.225000 0.198347
10 0.365278 0.931129 0.225000 0.137741
10 0.352778 0.745179 0.222222 0.190083
10 0.020833 0.964187 0.041667 0.071625
