0 0.501389 0.519284 0.291667 0.410468
10 0.793056 0.086777 0.213889 0.168044
10 0.905556 0.413223 0.188889 0.192837
10 0.851389 0.373278 0.208333 0.173554
10 0.955556 0.690083 0.088889 0.123967
10 0.966667 0.801653 0.066667 0.154270
10 0.783333 0.619835 0.222222 0.231405
10 0.734722 0.964187 0.202778 0.071625
10 0.566667 0.844353 0.266667 0.217631
10 0.431944 0.950413 0.213889 0.099174
10 0.479167 0.155647 0.202778 0.206612
10 0.181944 0.210744 0.230556 0.217631
10 0.179167 0.056474 0.225000 0.101928
10 0.020833 0.044077 0.036111 0.088154
10 0.048611 0.415978 0.097222 0.242424
10 0.237500 0.458678 0.186111 0.217631
10 0.113889 0.717631 0.177778 0.212121
10 0.206944 0.776860 0.180556 0.192837
10 0.176389 0.925620 0.213889 0.148760
10 0.027778 0.946281 0.055556 0.107438
