0 0.490278 0.555096 0.330556 0.327824
8 0.731944 0.168044 0.075000 0.071625
8 0.790278 0.285124 0.080556 0.074380
10 0.927778 0.271350 0.144444 0.234160
10 0.744444 0.158402 0.183333 0.201102
10 0.477778 0.245179 0.205556 0.209366
10 0.275000 0.121212 0.205556 0.220386
10 0.051389 0.015152 0.102778 0.030303
10 0.091667 0.285124 0.183333 0.217631
10 0.090278 0.621212 0.180556 0.184573
10 0.040278 0.531680 0.080556 0.137741
10 0.258333 0.734160 0.205556 0.195592
10 0.441667 0.911846 0.194444 0.176309
10 0.222222 0.933884 0.177778 0.132231
10 0.770833 0.931129 0.219444 0.137741
10 0.743056 0.447658 0.191667 0.195592
10 0.936111 0.724518 0.127778 0.192837
10 0.905556 0.632231 0.188889 0.190083
