10 0.402778 0.112948 0.211111 0.225895
10 0.601389 0.061983 0.219444 0.123967
10 0.605556 0.231405 0.238889 0.176309
10 0.944444 0.399449 0.111111 0.225895
10 0.833333 0.552342 0.250000 0.245179
10 0.683333 0.947658 0.211111 0.104683
10 0.505556 0.925620 0.088889 0.148760
10 0.388889 0.924242 0.138889 0.151515
10 0.120833 0.910468 0.241667 0.179063
10 0.066667 0.719008 0.133333 0.220386
10 0.011111 0.523416 0.022222 0.137741
10 0.172222 0.475207 0.266667 0.294766
0 0.877778 0.070248 0.244444 0.140496
0 0.505556 0.498623 0.366667 0.358127
8 0.447222 0.812672 0.061111 0.077135
8 0.730556 0.701102 0.061111 0.063361
8 0.916667 0.241047 0.072222 0.041322
8 0.276389 0.330579 0.069444 0.082645
8 0.183333 0.668044 0.077778 0.096419
