0 0.505556 0.505510 0.288889 0.344353
8 0.859722 0.376033 0.058333 0.074380
8 0.015278 0.201102 0.030556 0.077135
10 0.223611 0.073003 0.180556 0.146006
10 0.827778 0.184573 0.205556 0.214876
10 0.781944 0.077135 0.186111 0.154270
10 0.420833 0.141873 0.180556 0.239669
10 0.268056 0.338843 0.219444 0.187328
10 0.687500 0.327824 0.191667 0.209366
10 0.963889 0.444904 0.072222 0.184573
10 0.968056 0.714876 0.063889 0.228650
10 0.844444 0.589532 0.194444 0.220386
10 0.765278 0.589532 0.186111 0.181818
10 0.677778 0.932507 0.205556 0.134986
10 0.113889 0.904959 0.172222 0.190083
10 0.298611 0.946281 0.180556 0.107438
10 0.401389 0.823691 0.175000 0.203857
10 0.533333 0.814050 0.161111 0.206612
10 0.211111 0.673554 0.216667 0.190083
10 0.059722 0.504132 0.119444 0.231405
