0 0.500000 0.588154 0.400000 0.415978
8 0.066667 0.309917 0.083333 0.057851
8 0.830556 0.079890 0.044444 0.044077
8 0.883333 0.798898 0.061111 0.049587
8 0.831944 0.962810 0.080556 0.074380
10 0.859722 0.582645 0.213889 0.256198
10 0.968056 0.422865 0.063889 0.217631
10 0.318056 0.068871 0.225000 0.137741
10 0.163889 0.181818 0.222222 0.187328
10 0.472222 0.206612 0.200000 0.253444
10 0.650000 0.245179 0.194444 0.165289
10 0.776389 0.413223 0.236111 0.225895
10 0.966667 0.798898 0.066667 0.170799
10 0.154167 0.380165 0.219444 0.192837
10 0.118056 0.615702 0.197222 0.239669
10 0.154167 0.870523 0.225000 0.214876
10 0.009722 0.853994 0.019444 0.121212
10 0.472222 0.898072 0.216667 0.203857
10 0.597222 0.903581 0.227778 0.192837
