0 0.520833 0.502755 0.341667 0.349862
8 0.316667 0.570248 0.066667 0.049587
10 0.911111 0.108815 0.177778 0.217631
10 0.695833 0.023416 0.169444 0.046832
10 0.305556 0.075758 0.244444 0.151515
10 0.086111 0.180441 0.172222 0.217631
10 0.244444 0.380165 0.283333 0.247934
10 0.611111 0.213499 0.233333 0.234160
10 0.858333 0.451791 0.238889 0.231405
10 0.950000 0.724518 0.100000 0.231405
10 0.715278 0.676309 0.191667 0.206612
10 0.825000 0.915978 0.238889 0.168044
10 0.543056 0.977961 0.158333 0.044077
10 0.284722 0.964187 0.197222 0.071625
10 0.086111 0.889807 0.172222 0.220386
10 0.116667 0.655647 0.205556 0.220386
10 0.280556 0.633609 0.155556 0.187328
10 0.456944 0.796143 0.280556 0.264463
