0 0.501389 0.500000 0.419444 0.327824
10 0.887500 0.371901 0.213889 0.225895
10 0.954167 0.169421 0.091667 0.206612
8 0.020833 0.451791 0.041667 0.049587
8 0.779167 0.220386 0.025000 0.022039
10 0.701389 0.060606 0.213889 0.121212
10 0.402778 0.052342 0.211111 0.104683
10 0.143056 0.033058 0.202778 0.066116
10 0.193056 0.206612 0.225000 0.187328
10 0.034722 0.285124 0.069444 0.190083
10 0.390278 0.238292 0.225000 0.217631
10 0.136111 0.417355 0.194444 0.217631
10 0.019444 0.680441 0.038889 0.104683
10 0.009722 0.578512 0.019444 0.110193
10 0.127778 0.646006 0.200000 0.239669
10 0.333333 0.690083 0.238889 0.212121
10 0.409722 0.882920 0.213889 0.212121
10 0.213889 0.929752 0.194444 0.140496
10 0.098611 0.971074 0.186111 0.057851
10 0.745833 0.986226 0.136111 0.027548
10 0.951389 0.942149 0.097222 0.115702
10 0.594444 0.807163 0.183333 0.214876
10 0.779167 0.732782 0.202778 0.209366
10 0.897222 0.593664 0.205556 0.179063
