0 0.500000 0.498623 0.277778 0.325069
10 0.918056 0.674931 0.163889 0.170799
10 0.761111 0.256198 0.200000 0.220386
10 0.734722 0.139118 0.186111 0.134986
10 0.229167 0.039945 0.208333 0.079890
10 0.047222 0.039945 0.094444 0.074380
10 0.073611 0.256198 0.147222 0.176309
10 0.086111 0.482094 0.150000 0.220386
10 0.141667 0.517906 0.177778 0.198347
10 0.268056 0.761708 0.191667 0.179063
10 0.294444 0.644628 0.188889 0.198347
10 0.556944 0.768595 0.197222 0.181818
10 0.718056 0.855372 0.213889 0.179063
10 0.930556 0.920110 0.138889 0.159780
10 0.323611 0.953168 0.186111 0.093664
