0 0.504167 0.505510 0.302778 0.289256
8 0.790278 0.192837 0.108333 0.066116
8 0.911111 0.666667 0.066667 0.060606
10 0.022222 0.209366 0.044444 0.148760
10 0.258333 0.337466 0.222222 0.212121
10 0.865278 0.037190 0.225000 0.074380
10 0.744444 0.371901 0.227778 0.225895
10 0.947222 0.380165 0.105556 0.192837
10 0.981944 0.632231 0.036111 0.157025
10 0.087500 0.860882 0.175000 0.212121
10 0.284722 0.940771 0.208333 0.112948
10 0.590278 0.812672 0.241667 0.192837
10 0.820833 0.747934 0.225000 0.217631
10 0.720833 0.969697 0.169444 0.060606
10 0.909722 0.932507 0.180556 0.134986
