0 0.508333 0.502755 0.405556 0.388430
10 0.816667 0.717631 0.211111 0.223140
10 0.731944 0.078512 0.208333 0.157025
10 0.562500 0.011019 0.080556 0.022039
10 0.433333 0.155647 0.227778 0.223140
10 0.273611 0.370523 0.175000 0.261708
10 0.208333 0.560606 0.200000 0.256198
10 0.080556 0.395317 0.161111 0.212121
10 0.037500 0.596419 0.075000 0.179063
10 0.083333 0.782369 0.166667 0.176309
10 0.058333 0.984848 0.116667 0.030303
10 0.523611 0.966942 0.191667 0.066116
10 0.879167 0.921488 0.197222 0.157025
