0 0.494444 0.522039 0.294444 0.366391
8 0.355556 0.942149 0.072222 0.071625
10 0.884722 0.154270 0.219444 0.198347
10 0.940278 0.483471 0.119444 0.223140
10 0.781944 0.756198 0.208333 0.190083
10 0.952778 0.976584 0.094444 0.046832
10 0.765278 0.443526 0.191667 0.220386
10 0.654167 0.203857 0.186111 0.220386
10 0.291667 0.331956 0.194444 0.212121
10 0.127778 0.147383 0.205556 0.206612
10 0.072222 0.505510 0.144444 0.206612
10 0.037500 0.765840 0.075000 0.214876
10 0.218056 0.853994 0.197222 0.214876
10 0.370833 0.859504 0.191667 0.214876
