0 0.505556 0.502755 0.338889 0.344353
8 0.272222 0.436639 0.072222 0.063361
10 0.190278 0.308540 0.213889 0.220386
10 0.913889 0.046832 0.172222 0.093664
10 0.718056 0.086777 0.208333 0.173554
10 0.893056 0.224518 0.213889 0.179063
10 0.677778 0.287879 0.216667 0.179063
10 0.406944 0.162534 0.213889 0.203857
10 0.205556 0.066116 0.216667 0.132231
10 0.029167 0.031680 0.058333 0.063361
10 0.043056 0.415978 0.086111 0.225895
10 0.111111 0.585399 0.222222 0.217631
10 0.288889 0.684573 0.177778 0.195592
10 0.112500 0.820937 0.197222 0.187328
10 0.038889 0.935262 0.077778 0.129477
10 0.466667 0.962810 0.183333 0.074380
10 0.925000 0.965565 0.150000 0.068871
10 0.873611 0.758953 0.225000 0.223140
10 0.913889 0.537190 0.172222 0.198347
10 0.633333 0.747934 0.200000 0.223140
10 0.400000 0.774105 0.216667 0.170799
