0 0.462500 0.500000 0.341667 0.349862
10 0.933333 0.068871 0.133333 0.132231
10 0.848611 0.287879 0.258333 0.223140
10 0.577778 0.217631 0.216667 0.214876
10 0.766667 0.475207 0.238889 0.217631
10 0.861111 0.659780 0.200000 0.212121
10 0.990278 0.753444 0.019444 0.118457
10 0.863889 0.955923 0.188889 0.088154
10 0.702778 0.906336 0.194444 0.187328
10 0.484722 0.947658 0.191667 0.104683
10 0.550000 0.771350 0.205556 0.203857
10 0.323611 0.757576 0.208333 0.198347
10 0.145833 0.847107 0.197222 0.217631
10 0.191667 0.603306 0.183333 0.192837
10 0.094444 0.443526 0.188889 0.181818
10 0.145833 0.293388 0.208333 0.184573
10 0.186111 0.086777 0.216667 0.168044
10 0.381944 0.015152 0.136111 0.030303
10 0.038889 0.709366 0.077778 0.179063
