10 0.120833 0.070248 0.241667 0.140496
10 0.326389 0.187328 0.230556 0.220386
10 0.066667 0.387052 0.133333 0.228650
10 0.051389 0.677686 0.102778 0.187328
10 0.050000 0.946281 0.100000 0.107438
10 0.209722 0.925620 0.247222 0.148760
10 0.326389 0.831956 0.202778 0.198347
10 0.255556 0.630854 0.194444 0.269972
10 0.536111 0.768595 0.216667 0.187328
10 0.618056 0.920110 0.208333 0.159780
10 0.651389 0.721763 0.202778 0.209366
10 0.900000 0.836088 0.200000 0.228650
10 0.951389 0.614325 0.097222 0.225895
10 0.802778 0.570248 0.188889 0.192837
10 0.950000 0.402204 0.100000 0.187328
10 0.747222 0.366391 0.233333 0.137741
10 0.718056 0.230028 0.208333 0.223140
10 0.890278 0.173554 0.175000 0.258953
10 0.966667 0.192837 0.066667 0.192837
10 0.829167 0.033058 0.186111 0.066116
8 0.111111 0.559229 0.066667 0.060606
8 0.748611 0.977961 0.058333 0.044077
0 0.504167 0.500000 0.336111 0.338843
