0 0.490278 0.501377 0.425000 0.347107
8 0.777778 0.713499 0.061111 0.066116
8 0.926389 0.250689 0.041667 0.060606
10 0.290278 0.230028 0.219444 0.201102
10 0.876389 0.180441 0.219444 0.195592
10 0.930556 0.031680 0.138889 0.063361
10 0.533333 0.077135 0.216667 0.154270
10 0.150000 0.052342 0.200000 0.104683
10 0.075000 0.381543 0.150000 0.151515
10 0.095833 0.217631 0.191667 0.187328
10 0.698611 0.157025 0.169444 0.192837
10 0.593056 0.305785 0.158333 0.132231
10 0.783333 0.298898 0.227778 0.195592
10 0.702778 0.393939 0.144444 0.165289
10 0.919444 0.402204 0.161111 0.192837
10 0.837500 0.545455 0.219444 0.203857
10 0.929167 0.619835 0.141667 0.203857
10 0.225000 0.422865 0.205556 0.184573
10 0.027778 0.497245 0.055556 0.184573
10 0.248611 0.637741 0.197222 0.179063
10 0.141667 0.585399 0.194444 0.217631
10 0.044444 0.712121 0.088889 0.206612
10 0.072222 0.902204 0.144444 0.195592
10 0.255556 0.892562 0.200000 0.214876
10 0.418056 0.902204 0.236111 0.195592
10 0.648611 0.910468 0.186111 0.179063
10 0.858333 0.885675 0.194444 0.228650
10 0.983333 0.928375 0.033333 0.143251
10 0.661111 0.717631 0.172222 0.206612
10 0.494444 0.743802 0.227778 0.126722
