0 0.501389 0.502755 0.380556 0.360882
8 0.050000 0.057851 0.083333 0.071625
10 0.350000 0.077135 0.216667 0.154270
10 0.837500 0.118457 0.219444 0.187328
10 0.987500 0.179063 0.025000 0.143251
10 0.811111 0.353994 0.272222 0.245179
10 0.172222 0.378788 0.211111 0.234160
10 0.262500 0.365014 0.169444 0.201102
10 0.022222 0.292011 0.044444 0.143251
10 0.081944 0.761708 0.163889 0.239669
10 0.190278 0.913223 0.208333 0.173554
10 0.270833 0.723140 0.213889 0.179063
10 0.241667 0.574380 0.172222 0.157025
10 0.634722 0.769972 0.213889 0.206612
10 0.797222 0.725895 0.211111 0.206612
10 0.670833 0.935262 0.236111 0.129477
10 0.979167 0.960055 0.041667 0.079890
10 0.929167 0.574380 0.141667 0.250689
