0 0.495902 0.497290 0.330601 0.306233
8 0.135246 0.124661 0.090164 0.070461
10 0.277322 0.157182 0.199454 0.222222
10 0.976776 0.033875 0.046448 0.067751
10 0.980874 0.180217 0.038251 0.138211
10 0.971311 0.414634 0.057377 0.162602
10 0.819672 0.010840 0.114754 0.021680
10 0.423497 0.028455 0.153005 0.056911
10 0.075137 0.028455 0.150273 0.056911
10 0.053279 0.314363 0.106557 0.205962
10 0.210383 0.386179 0.180328 0.208672
10 0.260929 0.720867 0.237705 0.205962
10 0.050546 0.676152 0.101093 0.181572
10 0.109290 0.934959 0.218579 0.130081
10 0.557377 0.983740 0.163934 0.032520
10 0.607923 0.837398 0.215847 0.200542
10 0.775956 0.658537 0.224044 0.195122
10 0.846995 0.932249 0.196721 0.135501
