0 0.498611 0.506887 0.391667 0.352617
8 0.650000 0.323691 0.050000 0.046832
8 0.636111 0.852617 0.066667 0.063361
8 0.573611 0.893939 0.052778 0.046832
10 0.915278 0.705234 0.169444 0.209366
10 0.856944 0.479339 0.202778 0.242424
10 0.790278 0.471074 0.197222 0.181818
10 0.338889 0.279614 0.244444 0.223140
10 0.361111 0.086777 0.216667 0.173554
10 0.148611 0.030303 0.197222 0.060606
10 0.075000 0.151515 0.150000 0.214876
10 0.088889 0.684573 0.177778 0.217631
10 0.168056 0.716253 0.219444 0.231405
10 0.302778 0.906336 0.222222 0.187328
10 0.052778 0.895317 0.105556 0.187328
10 0.531944 0.977961 0.180556 0.044077
10 0.766667 0.909091 0.250000 0.181818
10 0.950000 0.962810 0.100000 0.074380
