0 0.508333 0.504132 0.361111 0.374656
10 0.855556 0.093664 0.216667 0.187328
10 0.981944 0.217631 0.036111 0.170799
10 0.891667 0.359504 0.161111 0.228650
10 0.781944 0.559229 0.169444 0.220386
10 0.979167 0.672176 0.041667 0.154270
10 0.951389 0.921488 0.097222 0.157025
10 0.790278 0.962810 0.202778 0.068871
10 0.730556 0.807163 0.261111 0.192837
10 0.541667 0.953168 0.200000 0.093664
10 0.368056 0.771350 0.219444 0.214876
10 0.176389 0.853994 0.219444 0.203857
10 0.020833 0.914601 0.041667 0.170799
10 0.568056 0.090909 0.191667 0.181818
10 0.686111 0.260331 0.233333 0.234160
10 0.268056 0.312672 0.191667 0.228650
10 0.345833 0.082645 0.191667 0.165289
10 0.148611 0.052342 0.197222 0.099174
10 0.016667 0.066116 0.033333 0.121212
10 0.072222 0.264463 0.144444 0.214876
