0 0.504167 0.508264 0.352778 0.338843
8 0.825000 0.920110 0.072222 0.082645
8 0.730556 0.966942 0.100000 0.066116
10 0.676389 0.785124 0.191667 0.198347
10 0.873611 0.344353 0.175000 0.170799
10 0.919444 0.133609 0.161111 0.206612
10 0.727778 0.194215 0.211111 0.212121
10 0.612500 0.174931 0.219444 0.217631
10 0.645833 0.022039 0.169444 0.044077
10 0.302778 0.174931 0.188889 0.201102
10 0.208333 0.268595 0.205556 0.195592
10 0.048611 0.151515 0.097222 0.187328
10 0.048611 0.384298 0.097222 0.234160
10 0.184722 0.548209 0.252778 0.209366
10 0.340278 0.728650 0.236111 0.212121
10 0.201389 0.881543 0.213889 0.187328
10 0.055556 0.947658 0.111111 0.104683
10 0.936111 0.924242 0.127778 0.151515
