0 0.505556 0.501377 0.338889 0.303030
8 0.302778 0.023416 0.055556 0.041322
8 0.091667 0.144628 0.044444 0.057851
10 0.929167 0.362259 0.141667 0.195592
10 0.926389 0.588154 0.147222 0.195592
10 0.741667 0.918733 0.222222 0.162534
10 0.527778 0.979339 0.166667 0.041322
10 0.290278 0.958678 0.186111 0.082645
10 0.540278 0.776860 0.213889 0.181818
10 0.697222 0.132231 0.216667 0.209366
10 0.469444 0.093664 0.200000 0.187328
10 0.244444 0.163912 0.216667 0.228650
10 0.062500 0.263085 0.125000 0.179063
10 0.097222 0.480716 0.188889 0.201102
10 0.054167 0.561983 0.108333 0.170799
10 0.030556 0.877410 0.061111 0.168044
