0 0.498611 0.497245 0.413889 0.377410
10 0.102778 0.038567 0.205556 0.077135
10 0.472222 0.035813 0.233333 0.071625
10 0.316667 0.123967 0.194444 0.247934
10 0.831944 0.466942 0.247222 0.228650
10 0.034722 0.628099 0.069444 0.209366
10 0.206944 0.449036 0.219444 0.269972
10 0.325000 0.928375 0.188889 0.143251
10 0.156944 0.793388 0.258333 0.187328
10 0.180556 0.644628 0.200000 0.115702
10 0.890278 0.112948 0.219444 0.225895
10 0.793056 0.044077 0.102778 0.088154
10 0.830556 0.231405 0.233333 0.192837
10 0.954167 0.758953 0.091667 0.195592
10 0.965278 0.617080 0.069444 0.099174
10 0.897222 0.922865 0.200000 0.154270
10 0.458333 0.790634 0.216667 0.192837
10 0.631944 0.826446 0.241667 0.214876
10 0.694444 0.918733 0.200000 0.162534
