10 0.218056 0.960055 0.191667 0.079890
10 0.144444 0.812672 0.183333 0.198347
10 0.330556 0.724518 0.172222 0.187328
10 0.555556 0.913223 0.200000 0.173554
10 0.911111 0.933884 0.177778 0.132231
10 0.640278 0.763085 0.236111 0.165289
10 0.805556 0.685950 0.188889 0.181818
10 0.868056 0.447658 0.197222 0.239669
10 0.947222 0.212121 0.105556 0.203857
10 0.677778 0.325069 0.216667 0.225895
10 0.277778 0.020661 0.177778 0.041322
10 0.081944 0.155647 0.163889 0.223140
10 0.245833 0.297521 0.219444 0.165289
10 0.055556 0.395317 0.111111 0.195592
10 0.173611 0.508264 0.225000 0.184573
8 0.287500 0.411846 0.125000 0.079890
8 0.026389 0.542700 0.036111 0.044077
0 0.516667 0.513774 0.366667 0.377410
