10 0.075000 0.911846 0.150000 0.176309
10 0.072222 0.719008 0.144444 0.209366
10 0.290278 0.651515 0.236111 0.206612
10 0.131944 0.431129 0.186111 0.201102
10 0.262500 0.403581 0.119444 0.146006
10 0.177778 0.227273 0.177778 0.228650
10 0.040278 0.326446 0.080556 0.168044
10 0.015278 0.126722 0.030556 0.137741
10 0.102778 0.071625 0.200000 0.137741
10 0.348611 0.092287 0.202778 0.162534
10 0.323611 0.034435 0.197222 0.068871
10 0.558333 0.068871 0.205556 0.137741
10 0.741667 0.125344 0.194444 0.190083
10 0.826389 0.022039 0.163889 0.044077
10 0.980556 0.031680 0.038889 0.063361
10 0.920833 0.275482 0.158333 0.231405
10 0.795833 0.418733 0.191667 0.220386
10 0.906944 0.491736 0.186111 0.190083
10 0.679167 0.610193 0.219444 0.168044
10 0.647222 0.783747 0.177778 0.190083
10 0.505556 0.785124 0.127778 0.181818
10 0.619444 0.947658 0.188889 0.104683
10 0.793056 0.935262 0.175000 0.129477
10 0.855556 0.852617 0.200000 0.162534
10 0.836111 0.734160 0.205556 0.173554
10 0.980556 0.922865 0.038889 0.088154
0 0.495833 0.502755 0.452778 0.289256
11 0.330556 0.951791 0.300000 0.096419
