0 0.501389 0.505510 0.452778 0.360882
10 0.712500 0.181818 0.236111 0.214876
10 0.908333 0.239669 0.183333 0.187328
10 0.904167 0.046832 0.180556 0.093664
10 0.697222 0.028926 0.205556 0.057851
10 0.563889 0.056474 0.233333 0.112948
10 0.109722 0.097796 0.197222 0.195592
10 0.241667 0.236915 0.188889 0.214876
10 0.220833 0.395317 0.191667 0.184573
10 0.052778 0.377410 0.105556 0.192837
10 0.070833 0.761708 0.141667 0.206612
10 0.083333 0.944904 0.166667 0.110193
10 0.413889 0.946281 0.216667 0.107438
10 0.276389 0.984848 0.102778 0.030303
10 0.227778 0.640496 0.233333 0.228650
10 0.658333 0.936639 0.194444 0.126722
10 0.598611 0.851240 0.202778 0.170799
10 0.855556 0.953168 0.183333 0.093664
10 0.933333 0.825069 0.133333 0.223140
10 0.752778 0.702479 0.200000 0.225895
10 0.865278 0.633609 0.180556 0.159780
10 0.769444 0.396694 0.227778 0.209366
