0 0.502778 0.501377 0.388889 0.396694
10 0.979167 0.314050 0.041667 0.148760
10 0.966667 0.646006 0.066667 0.168044
10 0.836111 0.440771 0.188889 0.187328
10 0.798611 0.336088 0.197222 0.176309
10 0.784722 0.695592 0.175000 0.195592
10 0.823611 0.907713 0.180556 0.179063
10 0.623611 0.829201 0.191667 0.198347
10 0.551389 0.990358 0.125000 0.019284
10 0.368056 0.924242 0.197222 0.151515
10 0.218056 0.792011 0.163889 0.184573
10 0.104167 0.842975 0.191667 0.165289
10 0.058333 0.979339 0.116667 0.041322
10 0.405556 0.088154 0.150000 0.170799
10 0.606944 0.081267 0.158333 0.162534
10 0.225000 0.338843 0.166667 0.170799
10 0.219444 0.213499 0.177778 0.157025
10 0.175000 0.571625 0.155556 0.179063
10 0.041667 0.488981 0.083333 0.168044
10 0.045833 0.206612 0.091667 0.192837
