10 0.098611 0.884298 0.197222 0.198347
10 0.322222 0.915978 0.227778 0.168044
10 0.900000 0.949036 0.200000 0.101928
10 0.969444 0.837466 0.061111 0.192837
10 0.631944 0.787879 0.225000 0.214876
10 0.237500 0.717631 0.169444 0.234160
10 0.212500 0.534435 0.163889 0.231405
10 0.063889 0.409091 0.127778 0.256198
10 0.166667 0.217631 0.194444 0.187328
10 0.101389 0.089532 0.202778 0.179063
10 0.391667 0.078512 0.205556 0.157025
10 0.590278 0.042700 0.197222 0.085399
10 0.918056 0.181818 0.163889 0.247934
10 0.766667 0.340220 0.227778 0.245179
10 0.936111 0.444904 0.127778 0.250689
10 0.769444 0.593664 0.222222 0.206612
0 0.479167 0.500000 0.441667 0.443526
