10 0.104167 0.906336 0.208333 0.187328
10 0.108333 0.684573 0.216667 0.311295
10 0.031944 0.561983 0.063889 0.159780
10 0.019444 0.329201 0.038889 0.151515
10 0.204167 0.373278 0.263889 0.223140
10 0.302778 0.764463 0.200000 0.217631
10 0.331944 0.968320 0.202778 0.063361
10 0.798611 0.889807 0.241667 0.220386
10 0.952778 0.976584 0.094444 0.046832
10 0.633333 0.798898 0.166667 0.181818
10 0.844444 0.589532 0.244444 0.264463
10 0.929167 0.403581 0.141667 0.212121
10 0.705556 0.292011 0.233333 0.236915
10 0.843056 0.097796 0.236111 0.195592
10 0.156944 0.117080 0.236111 0.223140
0 0.495833 0.538567 0.380556 0.399449
8 0.956944 0.869146 0.063889 0.096419
8 0.662500 0.099174 0.097222 0.088154
8 0.243056 0.024793 0.069444 0.049587
