1 0.506944 0.498623 0.436111 0.468320
10 0.802778 0.400826 0.166667 0.206612
10 0.890278 0.190083 0.219444 0.225895
10 0.952778 0.406336 0.094444 0.195592
10 0.737500 0.772727 0.241667 0.261708
10 0.586111 0.848485 0.227778 0.198347
10 0.895833 0.957300 0.208333 0.085399
10 0.395833 0.933884 0.236111 0.132231
10 0.166667 0.898072 0.216667 0.203857
10 0.180556 0.548209 0.177778 0.253444
10 0.043056 0.471074 0.086111 0.236915
10 0.136111 0.307163 0.233333 0.217631
10 0.319444 0.177686 0.194444 0.179063
10 0.154167 0.061983 0.191667 0.123967
10 0.516667 0.092287 0.211111 0.184573
10 0.425000 0.053719 0.238889 0.107438
