1 0.500000 0.500000 0.405556 0.421488
10 0.805556 0.367769 0.222222 0.250689
10 0.893056 0.117080 0.213889 0.234160
10 0.902778 0.588154 0.194444 0.239669
10 0.769444 0.738292 0.216667 0.258953
10 0.845833 0.931129 0.308333 0.137741
10 0.654167 0.787879 0.247222 0.231405
10 0.445833 0.909091 0.252778 0.181818
10 0.309722 0.765840 0.230556 0.236915
10 0.144444 0.899449 0.227778 0.201102
10 0.169444 0.571625 0.250000 0.294766
10 0.063889 0.398072 0.127778 0.250689
10 0.222222 0.260331 0.261111 0.212121
10 0.329167 0.201102 0.263889 0.247934
10 0.523611 0.079890 0.269444 0.159780
10 0.041667 0.174931 0.083333 0.223140
