1 0.494444 0.501377 0.383333 0.391185
10 0.805556 0.500000 0.200000 0.223140
10 0.923611 0.344353 0.152778 0.154270
10 0.891667 0.827824 0.216667 0.223140
10 0.966667 0.717631 0.066667 0.151515
10 0.959722 0.522039 0.080556 0.173554
10 0.876389 0.152893 0.197222 0.206612
10 0.673611 0.092287 0.219444 0.184573
10 0.398611 0.180441 0.225000 0.217631
10 0.165278 0.150138 0.180556 0.162534
10 0.050000 0.305785 0.100000 0.209366
10 0.054167 0.534435 0.108333 0.225895
10 0.070833 0.775482 0.141667 0.250689
10 0.315278 0.764463 0.202778 0.217631
10 0.209722 0.585399 0.202778 0.212121
10 0.219444 0.352617 0.227778 0.220386
10 0.530556 0.815427 0.200000 0.198347
10 0.687500 0.827824 0.163889 0.261708
