1 0.498611 0.505510 0.475000 0.482094
10 0.672222 0.705234 0.233333 0.220386
10 0.823611 0.575758 0.213889 0.203857
10 0.716667 0.349862 0.233333 0.247934
10 0.873611 0.117080 0.252778 0.234160
10 0.588889 0.074380 0.300000 0.148760
10 0.433333 0.034435 0.138889 0.068871
10 0.258333 0.048209 0.194444 0.096419
10 0.118056 0.108815 0.236111 0.217631
10 0.068056 0.212121 0.136111 0.198347
10 0.051389 0.526171 0.102778 0.181818
10 0.150000 0.455923 0.238889 0.184573
10 0.266667 0.286501 0.216667 0.214876
10 0.500000 0.213499 0.283333 0.129477
10 0.305556 0.714876 0.211111 0.267218
10 0.602778 0.858127 0.327778 0.228650
10 0.248611 0.931129 0.208333 0.137741
10 0.101389 0.716253 0.202778 0.225895
10 0.033333 0.898072 0.066667 0.176309
