1 0.502778 0.509642 0.394444 0.396694
8 0.551389 0.282369 0.086111 0.085399
8 0.120833 0.103306 0.069444 0.046832
10 0.500000 0.139118 0.233333 0.212121
10 0.334722 0.082645 0.208333 0.165289
10 0.256944 0.202479 0.252778 0.206612
10 0.277778 0.359504 0.188889 0.179063
10 0.227778 0.643251 0.222222 0.217631
10 0.156944 0.607438 0.197222 0.206612
10 0.095833 0.778237 0.191667 0.245179
10 0.675000 0.829201 0.222222 0.198347
10 0.677778 0.707989 0.211111 0.104683
10 0.927778 0.582645 0.144444 0.206612
10 0.901389 0.698347 0.141667 0.151515
10 0.958333 0.808540 0.083333 0.223140
10 0.561111 0.949036 0.227778 0.101928
10 0.070833 0.960055 0.141667 0.079890
10 0.054167 0.917355 0.108333 0.165289
10 0.788889 0.035813 0.183333 0.071625
10 0.937500 0.045455 0.125000 0.090909
10 0.577778 0.044077 0.216667 0.088154
