1 0.495833 0.515152 0.408333 0.484848
10 0.597222 0.804408 0.222222 0.225895
10 0.855556 0.685950 0.238889 0.198347
10 0.905556 0.898072 0.188889 0.203857
10 0.394444 0.958678 0.238889 0.082645
10 0.086111 0.827824 0.172222 0.212121
10 0.050000 0.601928 0.100000 0.228650
10 0.101389 0.353994 0.202778 0.223140
10 0.033333 0.154270 0.066667 0.181818
10 0.213889 0.541322 0.200000 0.250689
10 0.612500 0.174931 0.219444 0.217631
10 0.819444 0.432507 0.222222 0.258953
10 0.968056 0.539945 0.063889 0.203857
10 0.944444 0.285124 0.111111 0.245179
10 0.947222 0.067493 0.105556 0.134986
10 0.779167 0.033058 0.191667 0.066116
10 0.262500 0.089532 0.252778 0.179063
