1 0.498611 0.505510 0.419444 0.410468
10 0.547222 0.779614 0.227778 0.198347
10 0.756944 0.840220 0.236111 0.203857
10 0.766667 0.628099 0.194444 0.203857
10 0.919444 0.531680 0.161111 0.220386
10 0.827778 0.338843 0.227778 0.236915
10 0.958333 0.187328 0.083333 0.236915
10 0.677778 0.150138 0.233333 0.217631
10 0.743056 0.066116 0.225000 0.132231
10 0.559722 0.157025 0.213889 0.220386
10 0.156944 0.154270 0.286111 0.242424
10 0.358333 0.057851 0.205556 0.115702
10 0.087500 0.042700 0.175000 0.085399
10 0.111111 0.385675 0.205556 0.220386
10 0.081944 0.672176 0.163889 0.242424
10 0.031944 0.887052 0.063889 0.214876
10 0.329167 0.780992 0.208333 0.223140
10 0.201389 0.932507 0.236111 0.134986
10 0.429167 0.932507 0.191667 0.134986
10 0.634722 0.955923 0.219444 0.088154
