1 0.505556 0.522039 0.383333 0.410468
8 0.463889 0.803030 0.088889 0.085399
8 0.375000 0.223140 0.105556 0.104683
10 0.590278 0.093664 0.202778 0.187328
10 0.897222 0.092287 0.205556 0.184573
10 0.818056 0.428375 0.219444 0.217631
10 0.952778 0.639118 0.094444 0.192837
10 0.352778 0.922865 0.200000 0.154270
10 0.237500 0.761708 0.197222 0.217631
10 0.043056 0.870523 0.086111 0.220386
10 0.101389 0.553719 0.202778 0.214876
10 0.143056 0.497245 0.225000 0.256198
10 0.101389 0.234160 0.202778 0.231405
10 0.308333 0.068871 0.222222 0.137741
