1 0.504167 0.505510 0.425000 0.355372
10 0.852778 0.509642 0.205556 0.242424
10 0.915278 0.428375 0.169444 0.228650
10 0.930556 0.320937 0.138889 0.179063
10 0.556944 0.147383 0.225000 0.217631
10 0.829167 0.044077 0.186111 0.088154
10 0.131944 0.073003 0.247222 0.146006
10 0.200000 0.249311 0.266667 0.223140
10 0.133333 0.451791 0.233333 0.247934
10 0.231944 0.662534 0.225000 0.234160
10 0.350000 0.935262 0.216667 0.129477
10 0.502778 0.787879 0.222222 0.192837
10 0.676389 0.880165 0.236111 0.228650
10 0.827778 0.739669 0.211111 0.206612
10 0.947222 0.830579 0.105556 0.223140
