1 0.505556 0.504132 0.388889 0.407713
10 0.702778 0.769972 0.216667 0.228650
10 0.905556 0.826446 0.188889 0.225895
10 0.809722 0.420110 0.197222 0.223140
10 0.863889 0.104683 0.205556 0.209366
10 0.665278 0.213499 0.225000 0.223140
10 0.172222 0.309917 0.238889 0.212121
10 0.063889 0.483471 0.127778 0.217631
10 0.077778 0.730028 0.155556 0.231405
10 0.277778 0.738292 0.200000 0.209366
10 0.143056 0.924242 0.236111 0.151515
10 0.486111 0.955923 0.222222 0.088154
8 0.727778 0.962810 0.083333 0.074380
8 0.411111 0.882920 0.083333 0.068871
10 0.955556 0.537190 0.088889 0.209366
10 0.969444 0.309917 0.061111 0.173554
10 0.661111 0.034435 0.222222 0.068871
