1 0.504167 0.527548 0.413889 0.426997
10 0.816667 0.477961 0.227778 0.272727
10 0.945833 0.242424 0.108333 0.269972
10 0.622222 0.191460 0.227778 0.250689
10 0.277778 0.088154 0.238889 0.176309
10 0.222222 0.293388 0.250000 0.223140
10 0.037500 0.315427 0.075000 0.305785
10 0.122222 0.550964 0.244444 0.231405
10 0.123611 0.757576 0.158333 0.159780
10 0.193056 0.929752 0.202778 0.140496
10 0.572222 0.888430 0.211111 0.223140
10 0.834722 0.775482 0.252778 0.283747
10 0.680556 0.951791 0.261111 0.096419
