1 0.501389 0.497245 0.386111 0.382920
10 0.772222 0.685950 0.227778 0.258953
10 0.936111 0.530303 0.127778 0.201102
10 0.819444 0.340220 0.283333 0.228650
10 0.795833 0.066116 0.202778 0.132231
10 0.527778 0.082645 0.205556 0.165289
10 0.250000 0.055096 0.283333 0.110193
10 0.070833 0.444904 0.141667 0.195592
10 0.036111 0.305785 0.072222 0.159780
10 0.188889 0.258953 0.277778 0.275482
10 0.423611 0.183196 0.202778 0.245179
10 0.138889 0.896694 0.233333 0.206612
10 0.325000 0.746556 0.238889 0.181818
10 0.333333 0.904959 0.238889 0.190083
