1 0.501389 0.500000 0.352778 0.399449
10 0.915278 0.188705 0.169444 0.195592
10 0.802778 0.071625 0.216667 0.143251
10 0.634722 0.093664 0.130556 0.187328
10 0.548611 0.081267 0.191667 0.162534
10 0.375000 0.059229 0.166667 0.118457
10 0.223611 0.152893 0.230556 0.234160
10 0.052778 0.344353 0.105556 0.198347
10 0.076389 0.570248 0.152778 0.203857
10 0.198611 0.816804 0.258333 0.184573
10 0.140278 0.559229 0.147222 0.198347
10 0.305556 0.652893 0.227778 0.192837
10 0.369444 0.298898 0.211111 0.195592
10 0.569444 0.243802 0.194444 0.168044
10 0.945833 0.848485 0.108333 0.214876
10 0.630556 0.935262 0.194444 0.129477
10 0.498611 0.800275 0.202778 0.195592
10 0.308333 0.898072 0.244444 0.198347
10 0.081944 0.921488 0.163889 0.157025
10 0.434722 0.949036 0.186111 0.101928
