1 0.501389 0.502755 0.358333 0.410468
8 0.275000 0.544077 0.088889 0.079890
10 0.072222 0.611570 0.144444 0.198347
10 0.070833 0.940771 0.141667 0.118457
10 0.195833 0.855372 0.225000 0.250689
10 0.226389 0.724518 0.197222 0.242424
10 0.438889 0.946281 0.200000 0.107438
10 0.412500 0.917355 0.208333 0.165289
10 0.626389 0.859504 0.219444 0.231405
10 0.938889 0.911846 0.122222 0.176309
10 0.822222 0.776860 0.211111 0.242424
10 0.890278 0.688705 0.219444 0.253444
10 0.731944 0.615702 0.175000 0.201102
10 0.798611 0.396694 0.208333 0.192837
10 0.904167 0.370523 0.169444 0.184573
10 0.862500 0.257576 0.230556 0.162534
10 0.955556 0.107438 0.088889 0.214876
10 0.769444 0.092287 0.205556 0.184573
10 0.651389 0.067493 0.152778 0.134986
10 0.531944 0.048209 0.136111 0.096419
10 0.366667 0.232782 0.216667 0.223140
10 0.368056 0.111570 0.213889 0.212121
10 0.308333 0.050964 0.244444 0.101928
10 0.202778 0.089532 0.205556 0.179063
