1 0.502778 0.504132 0.338889 0.369146
8 0.158333 0.384298 0.077778 0.063361
10 0.076389 0.214876 0.152778 0.231405
10 0.054167 0.440771 0.108333 0.236915
10 0.187500 0.520661 0.219444 0.236915
10 0.063889 0.647383 0.127778 0.198347
10 0.273611 0.323691 0.202778 0.212121
10 0.405556 0.180441 0.205556 0.184573
10 0.326389 0.044077 0.225000 0.088154
10 0.645833 0.039945 0.208333 0.079890
10 0.605556 0.181818 0.227778 0.231405
10 0.829167 0.183196 0.175000 0.217631
10 0.812500 0.101928 0.191667 0.203857
10 0.962500 0.132231 0.075000 0.203857
10 0.940278 0.438017 0.119444 0.242424
10 0.891667 0.688705 0.216667 0.242424
10 0.675000 0.750689 0.244444 0.223140
10 0.826389 0.907713 0.241667 0.184573
