1 0.502778 0.502755 0.377778 0.410468
8 0.293056 0.665289 0.069444 0.090909
10 0.100000 0.584022 0.200000 0.209366
10 0.933333 0.152893 0.133333 0.239669
10 0.606944 0.161157 0.219444 0.223140
10 0.361111 0.179063 0.238889 0.253444
10 0.147222 0.088154 0.238889 0.176309
10 0.877778 0.482094 0.233333 0.225895
10 0.801389 0.706612 0.230556 0.206612
10 0.656944 0.775482 0.252778 0.245179
10 0.837500 0.906336 0.230556 0.187328
10 0.245833 0.786501 0.247222 0.234160
10 0.154167 0.953168 0.225000 0.093664
