1 0.505556 0.501377 0.500000 0.501377
8 0.291667 0.134986 0.083333 0.082645
8 0.422222 0.019284 0.088889 0.038567
10 0.773611 0.256198 0.241667 0.236915
10 0.529167 0.169421 0.197222 0.190083
10 0.156944 0.092287 0.252778 0.184573
10 0.070833 0.293388 0.141667 0.234160
10 0.243056 0.301653 0.186111 0.228650
10 0.170833 0.654270 0.208333 0.212121
10 0.126389 0.862259 0.230556 0.220386
10 0.584722 0.933884 0.225000 0.132231
10 0.813889 0.932507 0.238889 0.134986
10 0.734722 0.779614 0.236111 0.225895
10 0.865278 0.610193 0.202778 0.190083
10 0.959722 0.482094 0.080556 0.187328
10 0.959722 0.820937 0.080556 0.192837
