1 0.505556 0.501377 0.383333 0.402204
8 0.334722 0.290634 0.108333 0.101928
8 0.166667 0.552342 0.116667 0.107438
10 0.205556 0.398072 0.222222 0.201102
10 0.951389 0.137741 0.097222 0.203857
10 0.733333 0.132231 0.261111 0.203857
10 0.602778 0.096419 0.200000 0.192837
10 0.215278 0.144628 0.213889 0.228650
10 0.827778 0.450413 0.211111 0.267218
10 0.811111 0.699725 0.211111 0.181818
10 0.891667 0.840220 0.188889 0.236915
10 0.959722 0.906336 0.080556 0.181818
10 0.408333 0.805785 0.238889 0.223140
10 0.165278 0.734160 0.236111 0.201102
10 0.066667 0.922865 0.133333 0.154270
