1 0.502778 0.500000 0.322222 0.415978
10 0.305556 0.140496 0.211111 0.214876
10 0.094444 0.088154 0.188889 0.165289
10 0.706944 0.123967 0.208333 0.209366
10 0.905556 0.180441 0.188889 0.212121
10 0.863889 0.044077 0.200000 0.088154
10 0.758333 0.338843 0.194444 0.198347
10 0.754167 0.669421 0.225000 0.214876
10 0.906944 0.533058 0.186111 0.261708
10 0.913889 0.818182 0.172222 0.203857
10 0.954167 0.892562 0.091667 0.198347
10 0.670833 0.899449 0.241667 0.201102
10 0.636111 0.944904 0.194444 0.110193
10 0.398611 0.942149 0.213889 0.115702
10 0.169444 0.966942 0.188889 0.066116
10 0.084722 0.836088 0.169444 0.228650
10 0.061111 0.614325 0.122222 0.231405
10 0.268056 0.768595 0.219444 0.236915
