1 0.495833 0.545455 0.397222 0.396694
10 0.761111 0.195592 0.200000 0.258953
10 0.936111 0.151515 0.127778 0.253444
10 0.944444 0.652893 0.111111 0.209366
10 0.802778 0.567493 0.188889 0.192837
10 0.800000 0.782369 0.205556 0.203857
10 0.913889 0.899449 0.172222 0.201102
10 0.530556 0.195592 0.238889 0.236915
10 0.366667 0.084022 0.233333 0.168044
10 0.076389 0.081267 0.152778 0.162534
10 0.059722 0.315427 0.119444 0.201102
10 0.098611 0.285124 0.197222 0.201102
10 0.059722 0.550964 0.119444 0.203857
10 0.279167 0.735537 0.219444 0.231405
10 0.465278 0.893939 0.225000 0.212121
10 0.213889 0.643251 0.194444 0.201102
10 0.095833 0.893939 0.191667 0.212121
