1 0.498611 0.498623 0.319444 0.446281
10 0.862500 0.535813 0.241667 0.267218
10 0.954167 0.428375 0.091667 0.223140
10 0.723611 0.568871 0.163889 0.267218
10 0.726389 0.911846 0.280556 0.176309
10 0.844444 0.889807 0.205556 0.220386
10 0.651389 0.898072 0.202778 0.203857
10 0.472222 0.765840 0.233333 0.220386
10 0.197222 0.578512 0.227778 0.214876
10 0.168056 0.679063 0.236111 0.206612
10 0.218056 0.874656 0.252778 0.250689
10 0.087500 0.903581 0.175000 0.192837
10 0.065278 0.951791 0.130556 0.096419
10 0.219444 0.314050 0.277778 0.231405
10 0.056944 0.157025 0.113889 0.137741
10 0.047222 0.289256 0.094444 0.214876
10 0.344444 0.085399 0.294444 0.170799
10 0.191667 0.050964 0.144444 0.101928
10 0.668056 0.071625 0.252778 0.143251
10 0.916667 0.134986 0.166667 0.220386
10 0.880556 0.059229 0.238889 0.118457
10 0.751389 0.265840 0.219444 0.261708
