1 0.504167 0.502755 0.391667 0.371901
10 0.780556 0.567493 0.216667 0.275482
10 0.904167 0.869146 0.191667 0.239669
10 0.911111 0.444904 0.177778 0.212121
10 0.875000 0.238292 0.244444 0.195592
10 0.937500 0.103306 0.125000 0.206612
10 0.738889 0.108815 0.238889 0.206612
10 0.512500 0.078512 0.191667 0.157025
10 0.156944 0.037190 0.202778 0.074380
10 0.188889 0.196970 0.233333 0.217631
10 0.347222 0.282369 0.233333 0.212121
10 0.040278 0.384298 0.080556 0.228650
10 0.098611 0.601928 0.197222 0.217631
10 0.069444 0.870523 0.138889 0.258953
10 0.268056 0.882920 0.213889 0.234160
10 0.216667 0.523416 0.233333 0.258953
10 0.411111 0.735537 0.238889 0.187328
10 0.602778 0.884298 0.233333 0.231405
