1 0.502778 0.501377 0.383333 0.451791
10 0.705556 0.732782 0.216667 0.203857
10 0.872222 0.457300 0.255556 0.225895
10 0.919444 0.674931 0.161111 0.198347
10 0.602778 0.830579 0.238889 0.217631
10 0.133333 0.893939 0.227778 0.212121
10 0.431944 0.953168 0.186111 0.093664
10 0.186111 0.509642 0.238889 0.198347
10 0.038889 0.387052 0.077778 0.217631
10 0.054167 0.085399 0.108333 0.170799
10 0.159722 0.279614 0.230556 0.217631
10 0.361111 0.170799 0.222222 0.209366
10 0.669444 0.192837 0.222222 0.198347
10 0.902778 0.155647 0.194444 0.245179
