1 0.493056 0.513774 0.425000 0.421488
8 0.668056 0.119835 0.091667 0.074380
10 0.801389 0.085399 0.225000 0.170799
10 0.691667 0.249311 0.227778 0.223140
10 0.483333 0.170799 0.227778 0.209366
10 0.275000 0.253444 0.200000 0.203857
10 0.084722 0.245179 0.169444 0.247934
10 0.045833 0.067493 0.091667 0.134986
10 0.162500 0.515152 0.202778 0.214876
10 0.066667 0.852617 0.133333 0.212121
10 0.330556 0.964187 0.200000 0.071625
10 0.680556 0.801653 0.205556 0.209366
10 0.887500 0.771350 0.186111 0.242424
10 0.901389 0.950413 0.191667 0.099174
