1 0.500000 0.500000 0.455556 0.338843
10 0.850000 0.531680 0.200000 0.242424
8 0.912500 0.958678 0.080556 0.082645
10 0.906944 0.309917 0.186111 0.201102
10 0.909722 0.798898 0.180556 0.209366
10 0.829167 0.126722 0.191667 0.214876
10 0.587500 0.214876 0.213889 0.209366
10 0.362500 0.092287 0.225000 0.184573
10 0.494444 0.096419 0.166667 0.192837
10 0.076389 0.475207 0.152778 0.206612
10 0.043056 0.132231 0.086111 0.203857
10 0.179167 0.633609 0.197222 0.214876
10 0.347222 0.871901 0.222222 0.195592
10 0.445833 0.780992 0.225000 0.184573
10 0.666667 0.951791 0.211111 0.096419
10 0.140278 0.924242 0.197222 0.151515
