1 0.504167 0.501377 0.402778 0.407713
10 0.825000 0.618457 0.233333 0.234160
10 0.961111 0.502755 0.077778 0.239669
10 0.851389 0.110193 0.213889 0.220386
10 0.619444 0.191460 0.233333 0.223140
10 0.466667 0.037190 0.222222 0.074380
10 0.304167 0.151515 0.241667 0.258953
10 0.063889 0.115702 0.127778 0.231405
10 0.148611 0.323691 0.213889 0.223140
10 0.094444 0.600551 0.188889 0.220386
10 0.215278 0.559229 0.180556 0.214876
10 0.116667 0.882920 0.216667 0.234160
10 0.286111 0.772727 0.222222 0.234160
10 0.472222 0.893939 0.244444 0.212121
10 0.662500 0.842975 0.197222 0.247934
10 0.872222 0.863636 0.205556 0.217631
