1 0.504167 0.498623 0.341667 0.369146
10 0.769444 0.385675 0.205556 0.214876
10 0.729167 0.300275 0.208333 0.203857
10 0.934722 0.303030 0.130556 0.214876
10 0.912500 0.095041 0.175000 0.190083
10 0.702778 0.081267 0.216667 0.162534
10 0.495833 0.172176 0.213889 0.206612
10 0.412500 0.111570 0.175000 0.206612
10 0.273611 0.276860 0.213889 0.212121
10 0.216667 0.044077 0.205556 0.088154
10 0.105556 0.176309 0.188889 0.203857
10 0.072222 0.395317 0.144444 0.239669
10 0.219444 0.493113 0.194444 0.225895
10 0.061111 0.684573 0.122222 0.245179
10 0.063889 0.889807 0.127778 0.220386
10 0.244444 0.728650 0.238889 0.239669
10 0.383333 0.899449 0.227778 0.201102
10 0.193056 0.962810 0.219444 0.074380
10 0.601389 0.882920 0.213889 0.201102
10 0.808333 0.882920 0.188889 0.195592
10 0.948611 0.860882 0.102778 0.228650
10 0.788889 0.768595 0.200000 0.187328
10 0.898611 0.556474 0.197222 0.231405
10 0.962500 0.524793 0.075000 0.184573
