1 0.500000 0.501377 0.405556 0.429752
8 0.743056 0.404959 0.102778 0.093664
8 0.473611 0.798898 0.097222 0.066116
10 0.662500 0.780992 0.225000 0.195592
10 0.905556 0.709366 0.188889 0.212121
10 0.820833 0.921488 0.225000 0.157025
10 0.487500 0.917355 0.208333 0.165289
10 0.172222 0.913223 0.238889 0.173554
10 0.095833 0.719008 0.191667 0.231405
10 0.202778 0.692837 0.233333 0.228650
10 0.087500 0.497245 0.175000 0.184573
10 0.290278 0.190083 0.219444 0.236915
10 0.502778 0.141873 0.200000 0.212121
10 0.711111 0.213499 0.216667 0.223140
10 0.887500 0.417355 0.219444 0.234160
10 0.934722 0.137741 0.130556 0.236915
10 0.873611 0.089532 0.180556 0.179063
10 0.084722 0.181818 0.169444 0.209366
10 0.220833 0.039945 0.263889 0.079890
