1 0.504167 0.593664 0.369444 0.371901
10 0.652778 0.856749 0.233333 0.225895
10 0.805556 0.699725 0.227778 0.220386
10 0.873611 0.491736 0.236111 0.223140
10 0.719444 0.331956 0.216667 0.184573
10 0.912500 0.285124 0.175000 0.201102
10 0.898611 0.133609 0.202778 0.267218
10 0.251389 0.052342 0.163889 0.104683
10 0.134722 0.206612 0.230556 0.225895
10 0.197222 0.431129 0.250000 0.217631
10 0.038889 0.673554 0.077778 0.195592
10 0.031944 0.442149 0.063889 0.201102
10 0.052778 0.933884 0.105556 0.132231
10 0.194444 0.898072 0.216667 0.203857
10 0.204167 0.685950 0.247222 0.269972
10 0.420833 0.882920 0.230556 0.195592
