1 0.505556 0.501377 0.333333 0.385675
10 0.740278 0.830579 0.175000 0.212121
10 0.923611 0.808540 0.152778 0.278237
10 0.898611 0.530303 0.202778 0.256198
10 0.741667 0.601928 0.194444 0.245179
10 0.791667 0.319559 0.211111 0.214876
10 0.934722 0.203857 0.130556 0.192837
10 0.763889 0.108815 0.205556 0.217631
10 0.540278 0.090909 0.247222 0.181818
10 0.412500 0.225895 0.225000 0.203857
10 0.313889 0.155647 0.172222 0.289256
10 0.140278 0.126722 0.208333 0.253444
10 0.056944 0.101928 0.113889 0.203857
10 0.080556 0.348485 0.161111 0.184573
10 0.155556 0.557851 0.244444 0.184573
10 0.220833 0.475207 0.180556 0.234160
10 0.272222 0.742424 0.205556 0.234160
10 0.125000 0.792011 0.233333 0.245179
10 0.461111 0.896694 0.233333 0.206612
10 0.627778 0.931129 0.227778 0.137741
