1 0.502778 0.544077 0.422222 0.426997
8 0.523611 0.042700 0.097222 0.085399
10 0.722222 0.074380 0.238889 0.148760
10 0.923611 0.055096 0.152778 0.110193
10 0.965278 0.337466 0.069444 0.206612
10 0.772222 0.355372 0.238889 0.242424
10 0.879167 0.661157 0.230556 0.236915
10 0.930556 0.889807 0.138889 0.220386
10 0.672222 0.907713 0.238889 0.184573
10 0.530556 0.863636 0.222222 0.206612
10 0.250000 0.760331 0.261111 0.225895
10 0.194444 0.940771 0.250000 0.118457
10 0.172222 0.641873 0.211111 0.231405
10 0.047222 0.596419 0.094444 0.195592
10 0.036111 0.404959 0.072222 0.187328
10 0.216667 0.327824 0.227778 0.231405
10 0.373611 0.161157 0.230556 0.245179
10 0.577778 0.198347 0.233333 0.264463
