1 0.500000 0.501377 0.372222 0.429752
8 0.129167 0.683196 0.069444 0.082645
10 0.131944 0.692837 0.258333 0.261708
10 0.076389 0.898072 0.152778 0.203857
10 0.836111 0.336088 0.233333 0.231405
10 0.923611 0.705234 0.152778 0.159780
10 0.944444 0.775482 0.111111 0.234160
10 0.654167 0.932507 0.275000 0.134986
10 0.300000 0.207989 0.277778 0.267218
10 0.123611 0.071625 0.219444 0.143251
10 0.098611 0.280992 0.197222 0.236915
10 0.697222 0.096419 0.227778 0.192837
10 0.927778 0.119835 0.144444 0.239669
