1 0.501389 0.502755 0.363889 0.377410
8 0.854167 0.610193 0.080556 0.074380
10 0.936111 0.719008 0.127778 0.176309
10 0.755556 0.342975 0.194444 0.162534
10 0.713889 0.265840 0.222222 0.162534
10 0.731944 0.092287 0.213889 0.184573
10 0.516667 0.118457 0.200000 0.187328
10 0.068056 0.272727 0.136111 0.159780
10 0.063889 0.410468 0.127778 0.242424
10 0.093056 0.523416 0.186111 0.198347
10 0.108333 0.774105 0.216667 0.181818
10 0.233333 0.688705 0.172222 0.247934
10 0.648611 0.884298 0.208333 0.220386
10 0.762500 0.917355 0.208333 0.165289
10 0.897222 0.926997 0.200000 0.146006
