1 0.511111 0.506887 0.488889 0.468320
8 0.261111 0.316804 0.072222 0.077135
8 0.045833 0.969697 0.091667 0.060606
10 0.438889 0.910468 0.244444 0.179063
10 0.036111 0.658402 0.072222 0.198347
10 0.147222 0.432507 0.211111 0.220386
10 0.152778 0.220386 0.288889 0.198347
10 0.312500 0.099174 0.202778 0.198347
10 0.100000 0.049587 0.200000 0.099174
10 0.637500 0.158402 0.213889 0.217631
10 0.420833 0.077135 0.180556 0.154270
10 0.912500 0.432507 0.175000 0.187328
10 0.901389 0.648760 0.197222 0.217631
10 0.711111 0.765840 0.227778 0.236915
10 0.955556 0.865014 0.088889 0.231405
