1 0.501389 0.552342 0.352778 0.355372
10 0.770833 0.596419 0.197222 0.195592
10 0.813889 0.508264 0.244444 0.184573
10 0.941667 0.185950 0.116667 0.184573
10 0.829167 0.209366 0.230556 0.242424
10 0.595833 0.154270 0.208333 0.209366
10 0.400000 0.067493 0.222222 0.134986
10 0.181944 0.050964 0.191667 0.101928
10 0.075000 0.155647 0.150000 0.223140
10 0.038889 0.367769 0.077778 0.179063
10 0.297222 0.216253 0.238889 0.195592
10 0.245833 0.435262 0.180556 0.231405
10 0.156944 0.429752 0.141667 0.198347
10 0.091667 0.641873 0.183333 0.214876
10 0.395833 0.782369 0.213889 0.242424
10 0.418056 0.887052 0.225000 0.214876
10 0.634722 0.796143 0.225000 0.225895
10 0.898611 0.845730 0.202778 0.242424
10 0.245833 0.949036 0.236111 0.101928
10 0.851389 0.038567 0.213889 0.077135
