1 0.498611 0.500000 0.430556 0.460055
10 0.815278 0.617080 0.186111 0.209366
10 0.900000 0.249311 0.200000 0.195592
10 0.811111 0.257576 0.183333 0.217631
10 0.958333 0.633609 0.083333 0.225895
10 0.797222 0.892562 0.222222 0.214876
10 0.680556 0.750689 0.177778 0.195592
10 0.604167 0.190083 0.208333 0.203857
10 0.734722 0.075758 0.208333 0.151515
10 0.491667 0.053719 0.200000 0.107438
10 0.150000 0.089532 0.200000 0.179063
10 0.294444 0.258953 0.177778 0.187328
10 0.077778 0.353994 0.155556 0.228650
10 0.123611 0.275482 0.180556 0.165289
10 0.213889 0.444904 0.188889 0.223140
10 0.137500 0.703857 0.219444 0.195592
10 0.056944 0.658402 0.113889 0.220386
10 0.248611 0.820937 0.213889 0.209366
10 0.056944 0.896694 0.113889 0.206612
10 0.558333 0.903581 0.211111 0.192837
10 0.484722 0.823691 0.202778 0.187328
10 0.372222 0.957300 0.177778 0.085399
10 0.163889 0.964187 0.172222 0.071625
