1 0.501389 0.501377 0.397222 0.407713
10 0.777778 0.688705 0.200000 0.203857
10 0.901389 0.856749 0.197222 0.209366
10 0.693056 0.859504 0.225000 0.225895
10 0.898611 0.527548 0.202778 0.206612
10 0.934722 0.454545 0.130556 0.198347
10 0.765278 0.329201 0.202778 0.179063
10 0.829167 0.129477 0.230556 0.209366
10 0.944444 0.053719 0.111111 0.107438
10 0.616667 0.192837 0.216667 0.198347
10 0.497222 0.061983 0.238889 0.123967
10 0.183333 0.088154 0.205556 0.176309
10 0.327778 0.242424 0.200000 0.203857
10 0.197222 0.420110 0.211111 0.212121
10 0.077778 0.449036 0.155556 0.214876
10 0.155556 0.633609 0.216667 0.225895
10 0.206944 0.852617 0.225000 0.212121
10 0.045833 0.790634 0.091667 0.198347
10 0.470833 0.891185 0.230556 0.217631
