1 0.501389 0.505510 0.425000 0.454545
10 0.822222 0.537190 0.272222 0.236915
10 0.868056 0.391185 0.213889 0.269972
10 0.848611 0.712121 0.241667 0.206612
10 0.852778 0.914601 0.294444 0.170799
10 0.686111 0.820937 0.227778 0.253444
10 0.475000 0.878788 0.266667 0.198347
10 0.429167 0.955923 0.191667 0.088154
10 0.261111 0.917355 0.227778 0.165289
10 0.197222 0.747934 0.244444 0.228650
10 0.166667 0.546832 0.261111 0.190083
10 0.166667 0.399449 0.288889 0.187328
10 0.286111 0.223140 0.322222 0.203857
10 0.086111 0.174931 0.172222 0.206612
10 0.165278 0.075758 0.269444 0.151515
10 0.375000 0.078512 0.266667 0.157025
10 0.662500 0.126722 0.319444 0.253444
10 0.766667 0.268595 0.244444 0.256198
