1 0.504167 0.501377 0.369444 0.391185
10 0.781944 0.349862 0.247222 0.247934
10 0.919444 0.199725 0.161111 0.206612
10 0.912500 0.037190 0.175000 0.074380
10 0.748611 0.111570 0.186111 0.184573
10 0.959722 0.734160 0.080556 0.217631
10 0.762500 0.710744 0.208333 0.242424
10 0.583333 0.902204 0.222222 0.195592
10 0.540278 0.804408 0.219444 0.187328
10 0.297222 0.852617 0.227778 0.283747
10 0.077778 0.881543 0.155556 0.203857
10 0.052778 0.630854 0.105556 0.203857
10 0.183333 0.468320 0.200000 0.203857
10 0.219444 0.353994 0.211111 0.195592
10 0.256944 0.123967 0.225000 0.225895
