1 0.495833 0.504132 0.408333 0.451791
10 0.773611 0.589532 0.202778 0.231405
10 0.856944 0.378788 0.241667 0.256198
10 0.940278 0.629477 0.119444 0.256198
10 0.963889 0.860882 0.072222 0.212121
10 0.834722 0.114325 0.219444 0.206612
10 0.141667 0.209366 0.250000 0.247934
10 0.052778 0.172176 0.105556 0.195592
10 0.075000 0.041322 0.150000 0.082645
10 0.161111 0.422865 0.250000 0.217631
10 0.206944 0.626722 0.219444 0.212121
10 0.123611 0.801653 0.219444 0.187328
10 0.091667 0.935262 0.183333 0.129477
10 0.491667 0.786501 0.244444 0.206612
10 0.712500 0.794766 0.219444 0.201102
10 0.830556 0.914601 0.233333 0.170799
10 0.959722 0.252066 0.080556 0.206612
