1 0.501389 0.501377 0.363889 0.402204
10 0.838889 0.068871 0.227778 0.137741
10 0.622222 0.050964 0.211111 0.101928
10 0.319444 0.096419 0.194444 0.192837
10 0.102778 0.081267 0.205556 0.162534
10 0.162500 0.241047 0.230556 0.206612
10 0.108333 0.516529 0.216667 0.250689
10 0.208333 0.464187 0.233333 0.234160
10 0.261111 0.702479 0.205556 0.247934
10 0.079167 0.760331 0.158333 0.236915
10 0.098611 0.947658 0.197222 0.104683
10 0.469444 0.814050 0.244444 0.228650
10 0.693056 0.753444 0.241667 0.239669
10 0.905556 0.794766 0.188889 0.234160
10 0.797222 0.935262 0.227778 0.129477
10 0.520833 0.960055 0.202778 0.079890
10 0.956944 0.944904 0.086111 0.110193
10 0.888889 0.553719 0.222222 0.231405
10 0.781944 0.531680 0.186111 0.242424
