1 0.500000 0.494490 0.288889 0.498623
10 0.638889 0.139118 0.216667 0.228650
10 0.830556 0.249311 0.233333 0.217631
10 0.962500 0.154270 0.075000 0.214876
10 0.926389 0.424242 0.147222 0.220386
10 0.779167 0.549587 0.186111 0.228650
10 0.751389 0.421488 0.186111 0.181818
10 0.888889 0.801653 0.222222 0.236915
10 0.940278 0.681818 0.119444 0.267218
10 0.670833 0.794766 0.208333 0.217631
10 0.563889 0.860882 0.238889 0.217631
10 0.331944 0.942149 0.225000 0.115702
10 0.106944 0.928375 0.213889 0.143251
10 0.084722 0.691460 0.169444 0.220386
10 0.259722 0.577135 0.208333 0.195592
10 0.105556 0.411846 0.211111 0.195592
10 0.254167 0.793388 0.252778 0.225895
10 0.045833 0.247934 0.091667 0.209366
10 0.054167 0.055096 0.108333 0.110193
10 0.251389 0.249311 0.219444 0.162534
10 0.255556 0.147383 0.233333 0.134986
