1 0.502778 0.506887 0.350000 0.347107
10 0.772222 0.560606 0.222222 0.228650
10 0.863889 0.388430 0.244444 0.236915
10 0.959722 0.224518 0.080556 0.179063
10 0.938889 0.818182 0.122222 0.214876
10 0.788889 0.860882 0.183333 0.217631
10 0.615278 0.962810 0.241667 0.074380
10 0.531944 0.827824 0.225000 0.206612
10 0.283333 0.643251 0.266667 0.261708
10 0.115278 0.754821 0.197222 0.214876
10 0.286111 0.935262 0.233333 0.129477
10 0.286111 0.834711 0.205556 0.181818
10 0.738889 0.115702 0.266667 0.231405
10 0.468056 0.125344 0.191667 0.212121
10 0.631944 0.293388 0.275000 0.272727
10 0.036111 0.604683 0.072222 0.179063
