1 0.498611 0.515152 0.369444 0.385675
10 0.829167 0.559229 0.275000 0.264463
10 0.811111 0.822314 0.250000 0.223140
10 0.958333 0.231405 0.083333 0.192837
10 0.850000 0.085399 0.255556 0.170799
10 0.720833 0.238292 0.225000 0.272727
10 0.472222 0.161157 0.261111 0.278237
10 0.227778 0.111570 0.266667 0.223140
10 0.198611 0.360882 0.241667 0.242424
10 0.102778 0.560606 0.166667 0.179063
10 0.152778 0.713499 0.266667 0.187328
10 0.315278 0.887052 0.186111 0.187328
10 0.063889 0.942149 0.127778 0.115702
10 0.638889 0.949036 0.316667 0.101928
