1 0.495833 0.501377 0.452778 0.407713
10 0.829167 0.617080 0.213889 0.214876
10 0.965278 0.555096 0.069444 0.212121
10 0.954167 0.805785 0.091667 0.250689
10 0.801389 0.829201 0.219444 0.220386
10 0.930556 0.234160 0.138889 0.247934
10 0.725000 0.264463 0.222222 0.231405
10 0.791667 0.085399 0.227778 0.170799
10 0.629167 0.075758 0.269444 0.151515
10 0.423611 0.195592 0.241667 0.214876
10 0.191667 0.254821 0.250000 0.239669
10 0.038889 0.128099 0.077778 0.201102
10 0.205556 0.050964 0.200000 0.101928
10 0.052778 0.476584 0.105556 0.225895
10 0.187500 0.506887 0.202778 0.275482
10 0.266667 0.918733 0.205556 0.162534
10 0.279167 0.811295 0.219444 0.173554
10 0.602778 0.904959 0.233333 0.190083
10 0.083333 0.706612 0.166667 0.250689
10 0.518056 0.833333 0.219444 0.256198
