1 0.501389 0.502755 0.447222 0.443526
8 0.244444 0.436639 0.077778 0.079890
10 0.808333 0.392562 0.227778 0.228650
10 0.916667 0.490358 0.166667 0.209366
10 0.855556 0.699725 0.227778 0.214876
10 0.608333 0.790634 0.266667 0.225895
10 0.476389 0.938017 0.252778 0.123967
10 0.180556 0.935262 0.216667 0.129477
10 0.256944 0.765840 0.213889 0.209366
10 0.123611 0.557851 0.219444 0.245179
10 0.177778 0.272727 0.233333 0.214876
10 0.279167 0.078512 0.247222 0.157025
10 0.073611 0.106061 0.147222 0.212121
