1 0.493056 0.500000 0.347222 0.388430
10 0.743056 0.626722 0.180556 0.212121
10 0.954167 0.538567 0.091667 0.206612
10 0.877778 0.793388 0.188889 0.220386
10 0.927778 0.090909 0.144444 0.181818
10 0.948611 0.315427 0.102778 0.184573
10 0.745833 0.254821 0.197222 0.206612
10 0.477778 0.159780 0.211111 0.176309
10 0.175000 0.053719 0.194444 0.107438
10 0.308333 0.286501 0.233333 0.176309
10 0.065278 0.396694 0.130556 0.192837
10 0.216667 0.486226 0.183333 0.217631
10 0.350000 0.800275 0.205556 0.206612
10 0.044444 0.637741 0.088889 0.217631
