1 0.498611 0.495868 0.347222 0.358127
8 0.522222 0.101928 0.072222 0.082645
10 0.679167 0.081267 0.225000 0.162534
10 0.791667 0.431129 0.200000 0.184573
10 0.905556 0.457300 0.188889 0.209366
10 0.495833 0.219008 0.241667 0.195592
10 0.215278 0.256198 0.219444 0.225895
10 0.137500 0.048209 0.219444 0.090909
10 0.193056 0.488981 0.219444 0.228650
10 0.061111 0.356749 0.122222 0.201102
10 0.090278 0.871901 0.180556 0.217631
10 0.354167 0.764463 0.213889 0.195592
10 0.737500 0.724518 0.219444 0.220386
10 0.673611 0.922865 0.208333 0.154270
10 0.340278 0.935262 0.241667 0.129477
10 0.947222 0.938017 0.105556 0.123967
