1 0.498611 0.501377 0.391667 0.396694
8 0.740278 0.103306 0.091667 0.074380
10 0.890278 0.192837 0.219444 0.253444
10 0.933333 0.599174 0.133333 0.223140
10 0.931944 0.906336 0.136111 0.187328
10 0.747222 0.709366 0.261111 0.212121
10 0.672222 0.239669 0.222222 0.231405
10 0.765278 0.042700 0.202778 0.085399
10 0.454167 0.067493 0.252778 0.134986
10 0.326389 0.209366 0.263889 0.214876
10 0.104167 0.261708 0.208333 0.214876
10 0.047222 0.495868 0.094444 0.242424
10 0.052778 0.757576 0.105556 0.264463
10 0.177778 0.610193 0.211111 0.234160
10 0.329167 0.787879 0.202778 0.247934
10 0.541667 0.818182 0.205556 0.220386
10 0.286111 0.951791 0.222222 0.096419
