1 0.504167 0.498623 0.391667 0.418733
8 0.423611 0.174931 0.069444 0.079890
10 0.176389 0.827824 0.052778 0.068871
10 0.240278 0.691460 0.197222 0.247934
10 0.093056 0.615702 0.186111 0.134986
10 0.080556 0.753444 0.161111 0.245179
10 0.427778 0.932507 0.216667 0.134986
10 0.430556 0.831956 0.238889 0.198347
10 0.833333 0.804408 0.205556 0.209366
10 0.709722 0.792011 0.175000 0.223140
10 0.920833 0.546832 0.158333 0.272727
10 0.845833 0.486226 0.236111 0.239669
10 0.961111 0.309917 0.077778 0.184573
10 0.863889 0.170799 0.238889 0.225895
10 0.770833 0.074380 0.241667 0.148760
10 0.780556 0.297521 0.194444 0.209366
10 0.444444 0.060606 0.233333 0.121212
10 0.223611 0.044077 0.219444 0.088154
10 0.038889 0.155647 0.077778 0.206612
10 0.206944 0.210744 0.241667 0.228650
10 0.066667 0.389807 0.133333 0.250689
10 0.201389 0.457300 0.202778 0.231405
10 0.876389 0.955923 0.169444 0.088154
