1 0.495833 0.539945 0.386111 0.396694
10 0.198611 0.440771 0.230556 0.214876
10 0.712500 0.344353 0.219444 0.214876
10 0.786111 0.203857 0.205556 0.220386
10 0.958333 0.199725 0.083333 0.223140
10 0.954167 0.637741 0.091667 0.201102
10 0.945833 0.852617 0.108333 0.228650
10 0.798611 0.646006 0.186111 0.217631
10 0.670833 0.794766 0.213889 0.217631
10 0.098611 0.629477 0.197222 0.201102
10 0.084722 0.205234 0.169444 0.245179
10 0.041667 0.090909 0.083333 0.181818
10 0.330556 0.252066 0.227778 0.261708
10 0.404167 0.090909 0.202778 0.176309
10 0.590278 0.169421 0.191667 0.206612
10 0.431944 0.878788 0.219444 0.242424
10 0.266667 0.907713 0.222222 0.184573
10 0.088889 0.869146 0.177778 0.261708
10 0.038889 0.439394 0.077778 0.201102
