1 0.533333 0.500000 0.433333 0.404959
10 0.727778 0.269972 0.166667 0.181818
10 0.900000 0.341598 0.200000 0.187328
10 0.937500 0.073003 0.125000 0.146006
10 0.763889 0.090909 0.211111 0.181818
10 0.077778 0.254821 0.155556 0.228650
10 0.233333 0.366391 0.255556 0.170799
10 0.241667 0.462810 0.227778 0.264463
10 0.279167 0.720386 0.247222 0.206612
10 0.405556 0.917355 0.188889 0.165289
10 0.563889 0.856749 0.183333 0.209366
10 0.697222 0.951791 0.200000 0.096419
10 0.911111 0.640496 0.177778 0.267218
10 0.783333 0.614325 0.172222 0.192837
