2 0.501389 0.498623 0.380556 0.396694
8 0.212500 0.973829 0.080556 0.046832
10 0.093056 0.252066 0.186111 0.190083
10 0.186111 0.433884 0.194444 0.228650
10 0.025000 0.435262 0.050000 0.176309
10 0.026389 0.796143 0.052778 0.187328
10 0.051389 0.961433 0.102778 0.077135
10 0.254167 0.838843 0.219444 0.184573
10 0.313889 0.979339 0.116667 0.041322
10 0.608333 0.807163 0.227778 0.198347
10 0.713889 0.971074 0.183333 0.057851
10 0.893056 0.882920 0.213889 0.217631
10 0.979167 0.502755 0.041667 0.140496
10 0.916667 0.344353 0.166667 0.192837
10 0.708333 0.258953 0.233333 0.170799
10 0.719444 0.073003 0.200000 0.146006
10 0.940278 0.044077 0.119444 0.088154
10 0.493056 0.020661 0.147222 0.041322
