2 0.502778 0.504132 0.327778 0.352617
10 0.112500 0.090909 0.225000 0.181818
10 0.337500 0.199725 0.241667 0.184573
10 0.531944 0.059229 0.286111 0.118457
10 0.634722 0.207989 0.202778 0.184573
10 0.861111 0.340220 0.233333 0.228650
10 0.972222 0.117080 0.055556 0.129477
10 0.961111 0.557851 0.077778 0.206612
10 0.811111 0.570248 0.205556 0.220386
10 0.701389 0.754821 0.213889 0.236915
10 0.940278 0.946281 0.119444 0.107438
10 0.750000 0.929752 0.205556 0.140496
10 0.534722 0.885675 0.191667 0.212121
10 0.372222 0.946281 0.177778 0.107438
10 0.301389 0.803030 0.213889 0.217631
10 0.208333 0.611570 0.205556 0.214876
10 0.026389 0.939394 0.052778 0.121212
10 0.045833 0.548209 0.091667 0.198347
10 0.068056 0.308540 0.136111 0.181818
10 0.220833 0.385675 0.208333 0.209366
