2 0.506944 0.487603 0.436111 0.446281
8 0.297222 0.966942 0.100000 0.066116
10 0.034722 0.289256 0.069444 0.165289
10 0.015278 0.045455 0.030556 0.090909
10 0.261111 0.037190 0.233333 0.074380
10 0.591667 0.078512 0.255556 0.157025
10 0.911111 0.031680 0.177778 0.063361
10 0.119444 0.352617 0.238889 0.181818
10 0.077778 0.728650 0.155556 0.217631
10 0.144444 0.845730 0.216667 0.192837
10 0.261111 0.680441 0.177778 0.181818
10 0.443056 0.823691 0.208333 0.198347
10 0.045833 0.955923 0.091667 0.088154
10 0.486111 0.973829 0.161111 0.052342
10 0.708333 0.965565 0.183333 0.068871
10 0.818056 0.834711 0.219444 0.209366
10 0.969444 0.838843 0.061111 0.168044
10 0.666667 0.730028 0.200000 0.214876
10 0.858333 0.619835 0.188889 0.192837
10 0.937500 0.464187 0.125000 0.201102
10 0.798611 0.338843 0.191667 0.236915
10 0.930556 0.205234 0.138889 0.234160
