10 0.955556 0.057851 0.088889 0.115702
10 0.919444 0.119835 0.161111 0.212121
10 0.856944 0.141873 0.180556 0.212121
10 0.897222 0.440771 0.205556 0.231405
10 0.943056 0.497245 0.113889 0.239669
10 0.790278 0.652893 0.191667 0.225895
10 0.972222 0.889807 0.055556 0.192837
10 0.837500 0.953168 0.230556 0.093664
10 0.631944 0.805785 0.169444 0.134986
10 0.619444 0.892562 0.172222 0.214876
10 0.494444 0.860882 0.205556 0.195592
10 0.361111 0.961433 0.205556 0.077135
10 0.130556 0.953168 0.188889 0.093664
10 0.018056 0.876033 0.036111 0.143251
10 0.029167 0.657025 0.058333 0.168044
10 0.122222 0.479339 0.216667 0.214876
10 0.179167 0.526171 0.180556 0.187328
10 0.262500 0.256198 0.208333 0.231405
10 0.108333 0.246556 0.172222 0.179063
10 0.705556 0.278237 0.166667 0.203857
10 0.636111 0.154270 0.205556 0.187328
10 0.545833 0.103306 0.236111 0.157025
10 0.530556 0.020661 0.211111 0.041322
