2 0.504167 0.504132 0.319444 0.314050
10 0.902778 0.095041 0.194444 0.190083
10 0.731944 0.019284 0.208333 0.038567
10 0.609722 0.224518 0.252778 0.212121
10 0.218056 0.513774 0.191667 0.267218
10 0.059722 0.674931 0.119444 0.236915
10 0.019444 0.915978 0.038889 0.168044
10 0.188889 0.932507 0.238889 0.134986
10 0.409722 0.975207 0.186111 0.049587
10 0.734722 0.920110 0.236111 0.159780
10 0.958333 0.741047 0.083333 0.181818
10 0.786111 0.663912 0.200000 0.203857
10 0.377778 0.792011 0.238889 0.168044
