2 0.504167 0.516529 0.391667 0.388430
10 0.058333 0.074380 0.116667 0.148760
10 0.015278 0.436639 0.030556 0.129477
10 0.088889 0.581267 0.177778 0.176309
10 0.098611 0.648760 0.197222 0.146006
10 0.031944 0.837466 0.063889 0.170799
10 0.162500 0.962810 0.186111 0.074380
10 0.576389 0.969697 0.186111 0.060606
10 0.952778 0.688705 0.094444 0.192837
10 0.859722 0.512397 0.219444 0.170799
10 0.895833 0.280992 0.180556 0.192837
10 0.769444 0.015152 0.133333 0.030303
10 0.529167 0.012397 0.141667 0.024793
10 0.538889 0.143251 0.177778 0.214876
