2 0.506944 0.508264 0.358333 0.360882
8 0.570833 0.017906 0.069444 0.035813
10 0.034722 0.176309 0.069444 0.148760
10 0.063889 0.035813 0.127778 0.071625
10 0.243056 0.055096 0.197222 0.110193
10 0.247222 0.307163 0.216667 0.223140
10 0.183333 0.550964 0.200000 0.209366
10 0.006944 0.657025 0.013889 0.112948
10 0.266667 0.903581 0.233333 0.192837
10 0.562500 0.972452 0.163889 0.055096
10 0.856944 0.900826 0.208333 0.198347
10 0.973611 0.977961 0.052778 0.044077
10 0.966667 0.792011 0.066667 0.162534
10 0.766667 0.683196 0.227778 0.220386
10 0.963889 0.363636 0.072222 0.176309
10 0.859722 0.152893 0.197222 0.217631
10 0.952778 0.045455 0.094444 0.090909
10 0.656944 0.100551 0.191667 0.201102
