10 0.343056 0.114325 0.219444 0.195592
10 0.069444 0.185950 0.138889 0.217631
10 0.261111 0.307163 0.244444 0.195592
10 0.566667 0.136364 0.194444 0.245179
10 0.763889 0.180441 0.194444 0.212121
10 0.940278 0.192837 0.119444 0.209366
10 0.848611 0.420110 0.213889 0.217631
10 0.937500 0.760331 0.125000 0.181818
10 0.676389 0.728650 0.213889 0.256198
10 0.825000 0.903581 0.227778 0.192837
10 0.976389 0.940771 0.047222 0.118457
10 0.625000 0.962810 0.172222 0.074380
10 0.491667 0.856749 0.244444 0.214876
10 0.284722 0.921488 0.208333 0.157025
10 0.072222 0.917355 0.144444 0.165289
10 0.202778 0.679063 0.216667 0.234160
10 0.065278 0.458678 0.130556 0.223140
