2 0.497222 0.498623 0.350000 0.385675
8 0.473611 0.884298 0.058333 0.055096
10 0.050000 0.038567 0.100000 0.077135
10 0.243056 0.345730 0.202778 0.206612
10 0.451389 0.180441 0.230556 0.201102
10 0.750000 0.276860 0.194444 0.201102
10 0.902778 0.447658 0.194444 0.206612
10 0.954167 0.756198 0.091667 0.206612
10 0.955556 0.944904 0.088889 0.110193
10 0.793056 0.873278 0.225000 0.236915
10 0.444444 0.960055 0.200000 0.079890
10 0.205556 0.951791 0.211111 0.096419
10 0.344444 0.812672 0.222222 0.225895
10 0.233333 0.585399 0.183333 0.234160
10 0.063889 0.531680 0.127778 0.253444
