2 0.500000 0.486226 0.377778 0.388430
8 0.230556 0.593664 0.105556 0.101928
10 0.979167 0.144628 0.041667 0.134986
10 0.591667 0.052342 0.177778 0.104683
10 0.337500 0.061983 0.191667 0.123967
10 0.162500 0.057851 0.186111 0.115702
10 0.186111 0.249311 0.200000 0.179063
10 0.177778 0.387052 0.222222 0.179063
10 0.048611 0.575758 0.097222 0.165289
10 0.016667 0.800275 0.033333 0.118457
10 0.048611 0.968320 0.097222 0.063361
10 0.226389 0.975207 0.163889 0.049587
10 0.170833 0.814050 0.197222 0.234160
10 0.586111 0.849862 0.244444 0.256198
10 0.933333 0.925620 0.133333 0.148760
10 0.804167 0.761708 0.202778 0.190083
10 0.801389 0.537190 0.158333 0.198347
10 0.922222 0.374656 0.155556 0.236915
10 0.730556 0.236915 0.194444 0.242424
