2 0.505556 0.498623 0.394444 0.413223
8 0.830556 0.190083 0.061111 0.060606
8 0.727778 0.778237 0.072222 0.063361
10 0.097222 0.121212 0.194444 0.220386
10 0.186111 0.064738 0.233333 0.129477
10 0.786111 0.070248 0.211111 0.140496
10 0.911111 0.074380 0.177778 0.148760
10 0.736111 0.297521 0.222222 0.236915
10 0.820833 0.575758 0.208333 0.258953
10 0.894444 0.789256 0.188889 0.201102
10 0.847222 0.955923 0.205556 0.088154
10 0.259722 0.322314 0.219444 0.214876
10 0.020833 0.318182 0.041667 0.140496
10 0.087500 0.509642 0.175000 0.187328
10 0.225000 0.687328 0.238889 0.234160
10 0.190278 0.838843 0.208333 0.201102
10 0.308333 0.962810 0.211111 0.074380
10 0.038889 0.928375 0.077778 0.143251
