2 0.498611 0.504132 0.341667 0.369146
10 0.033333 0.239669 0.066667 0.159780
10 0.362500 0.048209 0.208333 0.096419
10 0.604167 0.060606 0.197222 0.121212
10 0.798611 0.128099 0.186111 0.201102
10 0.954167 0.256198 0.091667 0.209366
8 0.981944 0.305785 0.036111 0.066116
10 0.820833 0.487603 0.208333 0.198347
10 0.983333 0.519284 0.033333 0.157025
10 0.798611 0.724518 0.219444 0.187328
10 0.937500 0.859504 0.125000 0.192837
10 0.634722 0.920110 0.186111 0.159780
10 0.427778 0.965565 0.188889 0.068871
10 0.302778 0.808540 0.200000 0.190083
10 0.148611 0.936639 0.202778 0.126722
10 0.036111 0.820937 0.072222 0.143251
10 0.181944 0.451791 0.213889 0.203857
10 0.320833 0.224518 0.197222 0.212121
