2 0.504167 0.500000 0.363889 0.371901
8 0.443056 0.856749 0.075000 0.060606
10 0.880556 0.132231 0.238889 0.214876
10 0.527778 0.123967 0.183333 0.198347
10 0.134722 0.112948 0.197222 0.214876
10 0.205556 0.548209 0.166667 0.209366
10 0.213889 0.783747 0.194444 0.206612
10 0.144444 0.887052 0.200000 0.225895
10 0.044444 0.918733 0.088889 0.162534
10 0.784722 0.842975 0.230556 0.192837
10 0.736111 0.723140 0.138889 0.179063
10 0.911111 0.515152 0.177778 0.225895
10 0.825000 0.389807 0.244444 0.201102
