2 0.501389 0.504132 0.325000 0.330579
8 0.340278 0.866391 0.058333 0.052342
10 0.055556 0.033058 0.111111 0.066116
10 0.322222 0.053719 0.200000 0.107438
10 0.605556 0.067493 0.216667 0.134986
10 0.830556 0.070248 0.194444 0.140496
10 0.983333 0.104683 0.033333 0.126722
10 0.325000 0.228650 0.227778 0.236915
10 0.080556 0.214876 0.161111 0.170799
10 0.209722 0.455923 0.175000 0.201102
10 0.683333 0.296143 0.161111 0.173554
10 0.888889 0.274105 0.211111 0.212121
10 0.951389 0.519284 0.097222 0.206612
10 0.801389 0.475207 0.186111 0.179063
10 0.786111 0.564738 0.172222 0.203857
10 0.929167 0.732782 0.141667 0.159780
10 0.895833 0.910468 0.208333 0.179063
10 0.740278 0.797521 0.225000 0.201102
10 0.694444 0.975207 0.161111 0.049587
10 0.487500 0.826446 0.208333 0.203857
10 0.251389 0.946281 0.236111 0.107438
10 0.150000 0.811295 0.222222 0.223140
10 0.009722 0.582645 0.019444 0.074380
