2 0.512500 0.501377 0.475000 0.479339
8 0.795833 0.027548 0.097222 0.055096
10 0.041667 0.906336 0.083333 0.187328
10 0.123611 0.976584 0.130556 0.046832
10 0.156944 0.812672 0.175000 0.159780
10 0.358333 0.849862 0.200000 0.190083
10 0.376389 0.980716 0.130556 0.038567
10 0.718056 0.935262 0.191667 0.129477
10 0.754167 0.976584 0.130556 0.046832
10 0.937500 0.983471 0.125000 0.033058
10 0.929167 0.735537 0.141667 0.236915
10 0.781944 0.659780 0.141667 0.112948
10 0.801389 0.544077 0.147222 0.173554
10 0.916667 0.205234 0.166667 0.168044
10 0.861111 0.258953 0.200000 0.198347
10 0.727778 0.338843 0.188889 0.198347
10 0.634722 0.168044 0.208333 0.209366
10 0.581944 0.017906 0.147222 0.035813
10 0.413889 0.066116 0.166667 0.132231
10 0.270833 0.079890 0.180556 0.159780
10 0.325000 0.239669 0.200000 0.181818
10 0.077778 0.388430 0.155556 0.176309
10 0.086111 0.608815 0.172222 0.236915
