2 0.500000 0.497245 0.355556 0.360882
10 0.070833 0.181818 0.141667 0.209366
10 0.086111 0.424242 0.172222 0.209366
10 0.031944 0.652893 0.063889 0.159780
10 0.077778 0.889807 0.155556 0.220386
10 0.238889 0.983471 0.183333 0.033058
10 0.173611 0.612948 0.136111 0.195592
10 0.251389 0.086777 0.202778 0.173554
10 0.511111 0.147383 0.205556 0.217631
10 0.859722 0.095041 0.147222 0.190083
10 0.970833 0.191460 0.058333 0.173554
10 0.695833 0.275482 0.180556 0.181818
10 0.813889 0.442149 0.172222 0.217631
10 0.968056 0.417355 0.063889 0.217631
10 0.751389 0.685950 0.247222 0.231405
10 0.863889 0.889807 0.222222 0.220386
10 0.468056 0.882920 0.175000 0.234160
