2 0.497222 0.502755 0.438889 0.393939
8 0.520833 0.039945 0.080556 0.079890
10 0.386111 0.159780 0.194444 0.203857
10 0.276389 0.017906 0.197222 0.035813
10 0.084722 0.110193 0.169444 0.220386
10 0.900000 0.082645 0.200000 0.165289
10 0.945833 0.278237 0.108333 0.198347
10 0.893056 0.498623 0.213889 0.176309
10 0.968056 0.655647 0.063889 0.170799
10 0.981944 0.928375 0.036111 0.093664
10 0.868056 0.958678 0.180556 0.082645
10 0.900000 0.568871 0.016667 0.002755
10 0.805556 0.654270 0.205556 0.173554
10 0.775000 0.849862 0.233333 0.173554
10 0.516667 0.785124 0.227778 0.165289
10 0.375000 0.925620 0.211111 0.148760
10 0.155556 0.961433 0.183333 0.077135
10 0.155556 0.774105 0.233333 0.203857
10 0.193056 0.560606 0.202778 0.201102
