2 0.506944 0.498623 0.425000 0.396694
10 0.909722 0.181818 0.180556 0.231405
10 0.725000 0.107438 0.211111 0.214876
10 0.420833 0.081267 0.286111 0.162534
10 0.030556 0.234160 0.061111 0.198347
10 0.180556 0.472452 0.194444 0.195592
10 0.069444 0.553719 0.138889 0.236915
10 0.144444 0.701102 0.200000 0.217631
10 0.325000 0.719008 0.166667 0.198347
10 0.276389 0.911846 0.208333 0.176309
10 0.101389 0.947658 0.202778 0.104683
10 0.062500 0.865014 0.125000 0.170799
10 0.540278 0.805785 0.213889 0.195592
10 0.797222 0.816804 0.222222 0.217631
10 0.938889 0.910468 0.122222 0.179063
10 0.725000 0.969697 0.194444 0.060606
10 0.943056 0.696970 0.113889 0.269972
10 0.780556 0.607438 0.216667 0.217631
10 0.841667 0.391185 0.227778 0.198347
