2 0.498611 0.493113 0.430556 0.413223
8 0.015278 0.103306 0.030556 0.079890
10 0.801389 0.061983 0.247222 0.123967
10 0.940278 0.206612 0.119444 0.209366
10 0.779167 0.320937 0.213889 0.223140
10 0.895833 0.519284 0.202778 0.217631
10 0.808333 0.727273 0.144444 0.192837
10 0.979167 0.723140 0.041667 0.228650
10 0.844444 0.862259 0.194444 0.198347
10 0.979167 0.958678 0.041667 0.082645
10 0.713889 0.980716 0.161111 0.038567
10 0.523611 0.909091 0.191667 0.181818
10 0.273611 0.909091 0.191667 0.181818
10 0.069444 0.668044 0.138889 0.212121
10 0.118056 0.593664 0.219444 0.184573
10 0.094444 0.341598 0.188889 0.203857
10 0.265278 0.271350 0.213889 0.201102
10 0.156944 0.097796 0.225000 0.195592
10 0.554167 0.038567 0.180556 0.077135
