2 0.501389 0.501377 0.436111 0.501377
10 0.055556 0.205234 0.111111 0.228650
10 0.302778 0.055096 0.261111 0.110193
10 0.633333 0.079890 0.227778 0.159780
10 0.909722 0.279614 0.180556 0.223140
10 0.909722 0.520661 0.180556 0.214876
10 0.759722 0.709366 0.225000 0.239669
10 0.933333 0.899449 0.133333 0.201102
10 0.597222 0.909091 0.222222 0.181818
10 0.098611 0.975207 0.197222 0.049587
10 0.036111 0.765840 0.072222 0.187328
10 0.019444 0.451791 0.038889 0.143251
10 0.151389 0.593664 0.219444 0.250689
