2 0.505556 0.520661 0.394444 0.407713
8 0.238889 0.103306 0.033333 0.035813
10 0.930556 0.107438 0.138889 0.214876
10 0.933333 0.557851 0.133333 0.239669
10 0.773611 0.661157 0.197222 0.236915
10 0.962500 0.960055 0.075000 0.079890
10 0.740278 0.924242 0.213889 0.151515
10 0.318056 0.844353 0.202778 0.206612
10 0.154167 0.504132 0.202778 0.242424
10 0.201389 0.249311 0.213889 0.206612
10 0.036111 0.249311 0.072222 0.228650
10 0.091667 0.026171 0.155556 0.052342
10 0.418056 0.191460 0.191667 0.245179
10 0.654167 0.217631 0.175000 0.242424
10 0.659722 0.027548 0.169444 0.055096
