2 0.500000 0.498623 0.361111 0.380165
8 0.830556 0.300275 0.083333 0.082645
8 0.141667 0.172176 0.050000 0.046832
8 0.115278 0.274105 0.047222 0.052342
8 0.350000 0.820937 0.061111 0.049587
10 0.940278 0.038567 0.119444 0.077135
10 0.913889 0.199725 0.172222 0.223140
10 0.930556 0.640496 0.138889 0.212121
10 0.501389 0.878788 0.208333 0.242424
10 0.683333 0.214876 0.200000 0.236915
10 0.495833 0.099174 0.252778 0.198347
10 0.322222 0.234160 0.200000 0.154270
10 0.241667 0.269972 0.183333 0.220386
10 0.143056 0.053719 0.219444 0.107438
10 0.031944 0.217631 0.063889 0.176309
10 0.034722 0.348485 0.069444 0.140496
