2 0.502778 0.491736 0.422222 0.399449
8 0.783333 0.414601 0.061111 0.057851
8 0.104167 0.466942 0.108333 0.085399
10 0.045833 0.133609 0.091667 0.173554
10 0.202778 0.048209 0.200000 0.096419
10 0.388889 0.137741 0.183333 0.170799
10 0.212500 0.225895 0.163889 0.170799
10 0.251389 0.400826 0.169444 0.212121
10 0.095833 0.786501 0.191667 0.234160
10 0.248611 0.706612 0.158333 0.195592
10 0.463889 0.753444 0.200000 0.168044
10 0.506944 0.917355 0.225000 0.165289
10 0.319444 0.946281 0.205556 0.107438
10 0.088889 0.977961 0.150000 0.044077
10 0.775000 0.823691 0.200000 0.214876
10 0.911111 0.471074 0.177778 0.181818
10 0.965278 0.276860 0.069444 0.173554
10 0.880556 0.157025 0.200000 0.209366
10 0.750000 0.057851 0.188889 0.115702
10 0.583333 0.011019 0.111111 0.022039
