2 0.575000 0.501377 0.361111 0.374656
10 0.756944 0.158402 0.202778 0.206612
10 0.943056 0.234160 0.113889 0.225895
10 0.926389 0.561983 0.147222 0.214876
10 0.779167 0.714876 0.186111 0.195592
10 0.629167 0.851240 0.263889 0.247934
10 0.216667 0.840220 0.211111 0.220386
10 0.072222 0.969697 0.144444 0.060606
10 0.069444 0.712121 0.138889 0.184573
10 0.115278 0.504132 0.197222 0.198347
10 0.284722 0.615702 0.202778 0.168044
10 0.266667 0.292011 0.222222 0.225895
10 0.061111 0.278237 0.122222 0.236915
10 0.062500 0.038567 0.125000 0.077135
10 0.238889 0.027548 0.161111 0.055096
10 0.448611 0.134986 0.219444 0.220386
