2 0.504167 0.516529 0.363889 0.382920
10 0.088889 0.187328 0.177778 0.198347
10 0.511111 0.059229 0.205556 0.118457
10 0.779167 0.067493 0.197222 0.134986
10 0.929167 0.195592 0.141667 0.203857
10 0.779167 0.289256 0.213889 0.209366
10 0.931944 0.644628 0.136111 0.192837
10 0.715278 0.776860 0.208333 0.198347
10 0.888889 0.969697 0.177778 0.060606
10 0.552778 0.962810 0.233333 0.074380
10 0.313889 0.721763 0.188889 0.214876
10 0.129167 0.625344 0.180556 0.214876
10 0.018056 0.747934 0.036111 0.146006
10 0.023611 0.534435 0.047222 0.137741
