2 0.504167 0.498623 0.430556 0.446281
8 0.787500 0.701102 0.080556 0.090909
8 0.098611 0.982094 0.058333 0.035813
10 0.069444 0.064738 0.138889 0.129477
10 0.165278 0.081267 0.208333 0.162534
10 0.263889 0.144628 0.183333 0.184573
10 0.434722 0.121212 0.230556 0.181818
10 0.418056 0.011019 0.091667 0.022039
10 0.715278 0.026171 0.186111 0.052342
10 0.805556 0.199725 0.205556 0.201102
10 0.920833 0.342975 0.158333 0.190083
10 0.926389 0.622590 0.147222 0.209366
10 0.725000 0.690083 0.205556 0.179063
10 0.852778 0.833333 0.222222 0.168044
10 0.879167 0.926997 0.169444 0.146006
10 0.716667 0.847107 0.200000 0.173554
10 0.522222 0.911846 0.200000 0.176309
10 0.383333 0.972452 0.133333 0.055096
10 0.250000 0.895317 0.216667 0.209366
10 0.325000 0.750689 0.194444 0.190083
10 0.148611 0.746556 0.175000 0.220386
10 0.025000 0.771350 0.050000 0.159780
10 0.027778 0.528926 0.055556 0.154270
10 0.062500 0.338843 0.125000 0.198347
