2 0.498611 0.501377 0.452778 0.440771
8 0.733333 0.314050 0.061111 0.060606
10 0.180556 0.257576 0.205556 0.201102
10 0.076389 0.380165 0.152778 0.192837
10 0.054167 0.260331 0.108333 0.157025
10 0.495833 0.097796 0.191667 0.195592
10 0.958333 0.033058 0.083333 0.066116
10 0.980556 0.170799 0.038889 0.165289
10 0.859722 0.258953 0.191667 0.126722
10 0.840278 0.336088 0.163889 0.165289
10 0.911111 0.477961 0.177778 0.173554
10 0.887500 0.570248 0.158333 0.187328
10 0.715278 0.663912 0.163889 0.192837
10 0.633333 0.749311 0.172222 0.192837
10 0.808333 0.957300 0.183333 0.085399
10 0.975000 0.988981 0.050000 0.022039
10 0.734722 0.918733 0.186111 0.162534
10 0.629167 0.926997 0.163889 0.146006
10 0.401389 0.936639 0.136111 0.126722
10 0.322222 0.896694 0.188889 0.184573
10 0.266667 0.721763 0.177778 0.187328
10 0.137500 0.739669 0.186111 0.157025
10 0.041667 0.805785 0.083333 0.173554
10 0.030556 0.622590 0.061111 0.165289
