2 0.419444 0.490358 0.388889 0.407713
10 0.844444 0.039945 0.183333 0.079890
10 0.577778 0.078512 0.194444 0.157025
10 0.631944 0.261708 0.191667 0.187328
10 0.894444 0.192837 0.211111 0.209366
10 0.700000 0.378788 0.188889 0.190083
10 0.945833 0.539945 0.108333 0.214876
10 0.679167 0.695592 0.191667 0.239669
10 0.913889 0.877410 0.172222 0.212121
10 0.791667 0.979339 0.133333 0.041322
10 0.452778 0.921488 0.227778 0.157025
10 0.226389 0.921488 0.191667 0.157025
10 0.305556 0.771350 0.222222 0.159780
10 0.083333 0.753444 0.166667 0.223140
10 0.025000 0.888430 0.050000 0.162534
10 0.080556 0.476584 0.161111 0.203857
