2 0.513889 0.505510 0.427778 0.415978
8 0.572222 0.213499 0.061111 0.079890
10 0.950000 0.024793 0.100000 0.049587
10 0.872222 0.195592 0.194444 0.225895
10 0.833333 0.443526 0.183333 0.181818
10 0.861111 0.657025 0.161111 0.173554
10 0.976389 0.403581 0.047222 0.168044
10 0.979167 0.651515 0.041667 0.123967
10 0.948611 0.836088 0.102778 0.201102
10 0.827778 0.709366 0.172222 0.217631
10 0.752778 0.922865 0.177778 0.154270
10 0.619444 0.797521 0.211111 0.195592
10 0.504167 0.888430 0.180556 0.190083
10 0.280556 0.764463 0.166667 0.250689
10 0.112500 0.758953 0.136111 0.267218
10 0.040278 0.929752 0.080556 0.140496
10 0.030556 0.482094 0.061111 0.143251
10 0.183333 0.451791 0.200000 0.181818
10 0.200000 0.546832 0.177778 0.179063
10 0.045833 0.293388 0.091667 0.217631
10 0.045833 0.064738 0.091667 0.129477
10 0.086111 0.024793 0.172222 0.049587
10 0.245833 0.166667 0.202778 0.206612
10 0.559722 0.059229 0.191667 0.118457
