2 0.508333 0.455923 0.344444 0.366391
10 0.079167 0.060606 0.152778 0.121212
10 0.298611 0.188705 0.208333 0.201102
10 0.726389 0.225895 0.236111 0.214876
10 0.852778 0.077135 0.200000 0.154270
10 0.983333 0.143251 0.033333 0.137741
10 0.630556 0.015152 0.111111 0.030303
10 0.788889 0.483471 0.161111 0.239669
10 0.936111 0.506887 0.127778 0.192837
10 0.769444 0.612948 0.194444 0.206612
10 0.813889 0.914601 0.238889 0.170799
10 0.980556 0.957300 0.038889 0.085399
10 0.623611 0.842975 0.180556 0.192837
10 0.422222 0.752066 0.211111 0.187328
10 0.200000 0.676309 0.216667 0.217631
10 0.134722 0.563361 0.213889 0.212121
10 0.048611 0.760331 0.097222 0.198347
10 0.156944 0.906336 0.213889 0.187328
10 0.016667 0.977961 0.033333 0.044077
