2 0.494444 0.504132 0.388889 0.424242
10 0.140278 0.081267 0.202778 0.162534
10 0.215278 0.285124 0.202778 0.223140
10 0.143056 0.334711 0.225000 0.190083
10 0.065278 0.612948 0.130556 0.212121
10 0.065278 0.747934 0.130556 0.201102
10 0.016667 0.938017 0.033333 0.123967
10 0.263889 0.950413 0.194444 0.099174
10 0.481944 0.866391 0.213889 0.250689
10 0.691667 0.936639 0.194444 0.126722
10 0.880556 0.869146 0.211111 0.195592
10 0.929167 0.936639 0.141667 0.126722
10 0.900000 0.625344 0.200000 0.225895
10 0.926389 0.519284 0.147222 0.190083
10 0.915278 0.267218 0.169444 0.253444
10 0.697222 0.230028 0.222222 0.201102
10 0.865278 0.020661 0.119444 0.041322
10 0.930556 0.050964 0.138889 0.101928
