2 0.541667 0.495868 0.344444 0.374656
8 0.420833 0.180441 0.075000 0.074380
8 0.809722 0.180441 0.063889 0.057851
10 0.137500 0.030303 0.175000 0.060606
10 0.388889 0.017906 0.155556 0.035813
10 0.740278 0.086777 0.213889 0.173554
10 0.937500 0.132231 0.125000 0.225895
10 0.565278 0.181818 0.202778 0.209366
10 0.904167 0.381543 0.191667 0.223140
10 0.934722 0.662534 0.130556 0.239669
10 0.863889 0.898072 0.227778 0.203857
10 0.768056 0.951791 0.191667 0.096419
10 0.565278 0.855372 0.236111 0.234160
10 0.448611 0.977961 0.136111 0.044077
10 0.212500 0.789256 0.219444 0.206612
10 0.033333 0.847107 0.066667 0.168044
10 0.077778 0.603306 0.155556 0.236915
10 0.283333 0.574380 0.188889 0.212121
10 0.268056 0.495868 0.219444 0.198347
10 0.286111 0.261708 0.194444 0.214876
10 0.088889 0.192837 0.177778 0.236915
