2 0.501389 0.531680 0.330556 0.358127
8 0.901389 0.056474 0.052778 0.046832
10 0.101389 0.071625 0.202778 0.143251
10 0.238889 0.205234 0.177778 0.190083
10 0.309722 0.289256 0.197222 0.203857
10 0.455556 0.119835 0.188889 0.223140
10 0.713889 0.239669 0.183333 0.209366
10 0.916667 0.592287 0.166667 0.209366
10 0.834722 0.750689 0.191667 0.179063
10 0.972222 0.807163 0.055556 0.176309
10 0.618056 0.939394 0.163889 0.121212
10 0.215278 0.648760 0.180556 0.195592
10 0.197222 0.969697 0.172222 0.060606
10 0.041667 0.944904 0.083333 0.110193
