2 0.505556 0.501377 0.322222 0.319559
8 0.095833 0.983471 0.069444 0.033058
8 0.012500 0.347107 0.025000 0.066116
10 0.131944 0.297521 0.208333 0.203857
10 0.359722 0.095041 0.225000 0.184573
10 0.587500 0.035813 0.186111 0.071625
10 0.022222 0.064738 0.044444 0.129477
10 0.755556 0.117080 0.200000 0.206612
10 0.934722 0.183196 0.130556 0.217631
10 0.818056 0.389807 0.208333 0.195592
10 0.765278 0.615702 0.208333 0.212121
10 0.858333 0.899449 0.205556 0.201102
10 0.659722 0.964187 0.186111 0.071625
10 0.520833 0.830579 0.202778 0.212121
10 0.425000 0.962810 0.194444 0.074380
10 0.226389 0.892562 0.202778 0.203857
10 0.231944 0.637741 0.213889 0.228650
10 0.051389 0.559229 0.102778 0.203857
