2 0.504167 0.477961 0.458333 0.410468
8 0.193056 0.154270 0.075000 0.066116
8 0.516667 0.713499 0.077778 0.049587
10 0.359722 0.108815 0.269444 0.179063
10 0.536111 0.022039 0.188889 0.044077
10 0.090278 0.086777 0.180556 0.173554
10 0.280556 0.272727 0.244444 0.170799
10 0.776389 0.293388 0.280556 0.184573
10 0.959722 0.015152 0.080556 0.030303
10 0.873611 0.522039 0.252778 0.206612
10 0.976389 0.752066 0.047222 0.104683
10 0.712500 0.775482 0.191667 0.217631
10 0.672222 0.958678 0.227778 0.082645
10 0.481944 0.848485 0.263889 0.187328
10 0.352778 0.971074 0.166667 0.057851
10 0.038889 0.955923 0.077778 0.088154
10 0.281944 0.684573 0.225000 0.201102
10 0.184722 0.443526 0.180556 0.209366
10 0.052778 0.477961 0.105556 0.212121
