2 0.508333 0.502755 0.338889 0.327824
8 0.166667 0.418733 0.061111 0.066116
8 0.302778 0.629477 0.055556 0.052342
10 0.276389 0.239669 0.186111 0.192837
10 0.426389 0.060606 0.208333 0.121212
10 0.012500 0.140496 0.025000 0.126722
10 0.604167 0.196970 0.219444 0.228650
10 0.938889 0.017906 0.122222 0.035813
10 0.986111 0.473829 0.027778 0.154270
10 0.909722 0.732782 0.180556 0.214876
10 0.827778 0.460055 0.211111 0.242424
10 0.713889 0.672176 0.150000 0.203857
10 0.509722 0.826446 0.269444 0.264463
10 0.326389 0.976584 0.202778 0.046832
10 0.065278 0.779614 0.130556 0.253444
10 0.141667 0.545455 0.272222 0.236915
