2 0.494444 0.497245 0.416667 0.410468
8 0.733333 0.296143 0.066667 0.063361
10 0.086111 0.433884 0.172222 0.206612
10 0.161111 0.633609 0.188889 0.231405
10 0.029167 0.658402 0.058333 0.192837
10 0.304167 0.807163 0.208333 0.214876
10 0.497222 0.884298 0.211111 0.192837
10 0.236111 0.977961 0.155556 0.044077
10 0.762500 0.949036 0.219444 0.101928
10 0.684722 0.778237 0.236111 0.206612
10 0.804167 0.557851 0.208333 0.223140
10 0.963889 0.574380 0.072222 0.168044
10 0.794444 0.144628 0.200000 0.217631
10 0.497222 0.162534 0.233333 0.198347
10 0.486111 0.068871 0.283333 0.137741
10 0.238889 0.118457 0.216667 0.209366
