2 0.508333 0.504132 0.316667 0.314050
8 0.504167 0.059229 0.058333 0.068871
10 0.026389 0.044077 0.052778 0.088154
10 0.093056 0.158402 0.141667 0.179063
10 0.234722 0.292011 0.202778 0.192837
10 0.409722 0.157025 0.186111 0.181818
10 0.322222 0.024793 0.144444 0.049587
10 0.201389 0.522039 0.219444 0.239669
10 0.123611 0.760331 0.186111 0.214876
10 0.020833 0.779614 0.041667 0.220386
10 0.068056 0.953168 0.125000 0.093664
10 0.659722 0.768595 0.236111 0.231405
10 0.797222 0.526171 0.177778 0.192837
10 0.909722 0.329201 0.180556 0.212121
10 0.852778 0.079890 0.216667 0.159780
10 0.963889 0.840220 0.072222 0.187328
10 0.918056 0.975207 0.141667 0.049587
