2 0.502778 0.493113 0.361111 0.352617
8 0.961111 0.506887 0.061111 0.044077
8 0.698611 0.355372 0.058333 0.071625
10 0.550000 0.055096 0.200000 0.110193
10 0.397222 0.174931 0.194444 0.184573
10 0.231944 0.064738 0.241667 0.129477
10 0.041667 0.190083 0.083333 0.225895
10 0.081944 0.516529 0.163889 0.201102
10 0.213889 0.793388 0.272222 0.181818
10 0.513889 0.860882 0.200000 0.212121
10 0.927778 0.685950 0.144444 0.187328
10 0.825000 0.413223 0.194444 0.203857
10 0.869444 0.114325 0.216667 0.223140
