2 0.497222 0.511019 0.383333 0.360882
8 0.155556 0.668044 0.061111 0.041322
10 0.488889 0.060606 0.227778 0.121212
10 0.169444 0.121212 0.188889 0.198347
10 0.022222 0.118457 0.044444 0.165289
10 0.191667 0.340220 0.272222 0.223140
10 0.656944 0.201102 0.208333 0.181818
10 0.870833 0.465565 0.230556 0.203857
10 0.904167 0.771350 0.191667 0.236915
10 0.866667 0.962810 0.238889 0.074380
10 0.686111 0.910468 0.227778 0.179063
10 0.529167 0.837466 0.225000 0.209366
10 0.286111 0.767218 0.205556 0.223140
10 0.105556 0.951791 0.211111 0.096419
10 0.072222 0.775482 0.144444 0.217631
10 0.065278 0.560606 0.130556 0.173554
