2 0.500000 0.546832 0.400000 0.360882
8 0.948611 0.150138 0.102778 0.112948
10 0.029167 0.111570 0.058333 0.146006
10 0.094444 0.256198 0.188889 0.192837
10 0.213889 0.110193 0.272222 0.220386
10 0.437500 0.026171 0.186111 0.052342
10 0.455556 0.172176 0.227778 0.228650
10 0.634722 0.042700 0.136111 0.085399
10 0.827778 0.024793 0.161111 0.049587
10 0.769444 0.293388 0.183333 0.184573
10 0.765278 0.414601 0.219444 0.179063
10 0.848611 0.603306 0.236111 0.236915
10 0.937500 0.820937 0.125000 0.198347
10 0.829167 0.965565 0.202778 0.068871
10 0.756944 0.819559 0.180556 0.195592
10 0.506944 0.827824 0.219444 0.190083
10 0.305556 0.789256 0.177778 0.201102
10 0.250000 0.969697 0.155556 0.060606
10 0.072222 0.958678 0.144444 0.082645
10 0.088889 0.757576 0.177778 0.231405
10 0.141667 0.666667 0.188889 0.209366
10 0.194444 0.468320 0.183333 0.192837
