2 0.505556 0.494490 0.388889 0.338843
10 0.522222 0.053719 0.200000 0.107438
10 0.725000 0.238292 0.200000 0.228650
10 0.962500 0.290634 0.075000 0.162534
10 0.962500 0.537190 0.075000 0.209366
10 0.793056 0.669421 0.236111 0.187328
10 0.887500 0.878788 0.208333 0.209366
10 0.659722 0.915978 0.213889 0.168044
10 0.201389 0.800275 0.247222 0.223140
10 0.070833 0.650138 0.141667 0.220386
10 0.193056 0.447658 0.225000 0.239669
10 0.094444 0.239669 0.188889 0.220386
10 0.251389 0.119835 0.219444 0.217631
