2 0.501389 0.516529 0.402778 0.393939
3 0.823611 0.210744 0.352778 0.300275
8 0.087500 0.371901 0.069444 0.088154
8 0.151389 0.841598 0.075000 0.085399
10 0.201389 0.217631 0.197222 0.192837
10 0.272222 0.112948 0.188889 0.181818
10 0.098611 0.061983 0.191667 0.118457
10 0.473611 0.097796 0.186111 0.195592
10 0.450000 0.234160 0.200000 0.159780
10 0.566667 0.230028 0.177778 0.206612
10 0.727778 0.028926 0.216667 0.057851
10 0.952778 0.044077 0.094444 0.088154
10 0.236111 0.424242 0.172222 0.220386
10 0.055556 0.482094 0.111111 0.214876
10 0.126389 0.535813 0.147222 0.223140
10 0.216667 0.639118 0.222222 0.198347
10 0.773611 0.457300 0.175000 0.176309
10 0.818056 0.590909 0.186111 0.239669
10 0.961111 0.629477 0.077778 0.190083
10 0.894444 0.856749 0.211111 0.242424
10 0.927778 0.871901 0.144444 0.212121
10 0.691667 0.732782 0.172222 0.165289
10 0.666667 0.871901 0.194444 0.195592
10 0.630556 0.947658 0.194444 0.104683
10 0.483333 0.807163 0.200000 0.165289
10 0.304167 0.830579 0.186111 0.217631
10 0.319444 0.936639 0.144444 0.126722
10 0.448611 0.936639 0.225000 0.126722
10 0.180556 0.944904 0.205556 0.110193
10 0.058333 0.860882 0.116667 0.190083
10 0.043056 0.939394 0.086111 0.121212
