2 0.505556 0.501377 0.422222 0.424242
10 0.061111 0.269972 0.122222 0.258953
10 0.226389 0.373278 0.208333 0.278237
10 0.366667 0.112948 0.194444 0.225895
10 0.559722 0.163912 0.202778 0.245179
10 0.790278 0.128099 0.186111 0.212121
10 0.963889 0.099174 0.072222 0.192837
10 0.976389 0.501377 0.047222 0.176309
10 0.816667 0.566116 0.216667 0.201102
10 0.794444 0.712121 0.211111 0.239669
10 0.651389 0.814050 0.202778 0.195592
10 0.477778 0.946281 0.222222 0.107438
10 0.055556 0.915978 0.111111 0.162534
10 0.043056 0.552342 0.086111 0.206612
