2 0.504167 0.505510 0.436111 0.415978
8 0.363889 0.132231 0.077778 0.082645
8 0.287500 0.935262 0.102778 0.101928
10 0.026389 0.263085 0.052778 0.162534
10 0.177778 0.203857 0.194444 0.203857
10 0.104167 0.512397 0.186111 0.198347
10 0.480556 0.922865 0.200000 0.154270
10 0.777778 0.778237 0.205556 0.190083
10 0.979167 0.874656 0.041667 0.162534
10 0.847222 0.537190 0.211111 0.209366
10 0.947222 0.289256 0.105556 0.214876
10 0.962500 0.079890 0.075000 0.154270
10 0.791667 0.320937 0.161111 0.184573
10 0.611111 0.181818 0.222222 0.203857
10 0.736111 0.034435 0.188889 0.068871
10 0.323611 0.030303 0.169444 0.060606
