2 0.508333 0.513774 0.322222 0.333333
10 0.601389 0.030303 0.197222 0.060606
10 0.794444 0.059229 0.183333 0.118457
10 0.959722 0.063361 0.080556 0.126722
10 0.752778 0.285124 0.244444 0.245179
10 0.779167 0.439394 0.169444 0.173554
10 0.930556 0.365014 0.138889 0.212121
10 0.893056 0.870523 0.197222 0.170799
10 0.947222 0.962810 0.105556 0.074380
10 0.719444 0.965565 0.155556 0.068871
10 0.663889 0.803030 0.244444 0.217631
10 0.280556 0.816804 0.144444 0.151515
10 0.218056 0.870523 0.136111 0.154270
10 0.158333 0.888430 0.144444 0.162534
10 0.048611 0.756198 0.097222 0.179063
10 0.198611 0.614325 0.202778 0.231405
10 0.058333 0.455923 0.116667 0.201102
10 0.240278 0.341598 0.213889 0.192837
10 0.331944 0.169421 0.297222 0.206612
10 0.190278 0.017906 0.158333 0.035813
10 0.070833 0.107438 0.141667 0.203857
