2 0.502778 0.513774 0.372222 0.377410
8 0.031944 0.333333 0.063889 0.066116
10 0.019444 0.031680 0.038889 0.063361
10 0.158333 0.121212 0.205556 0.209366
10 0.334722 0.249311 0.236111 0.245179
10 0.593056 0.198347 0.258333 0.242424
10 0.661111 0.031680 0.255556 0.063361
10 0.894444 0.118457 0.211111 0.236915
10 0.830556 0.447658 0.222222 0.250689
10 0.926389 0.646006 0.147222 0.234160
10 0.943056 0.935262 0.113889 0.129477
10 0.752778 0.946281 0.200000 0.107438
10 0.509722 0.935262 0.213889 0.129477
10 0.536111 0.822314 0.283333 0.190083
10 0.297222 0.988981 0.111111 0.022039
10 0.225000 0.808540 0.233333 0.250689
10 0.205556 0.442149 0.211111 0.283747
