2 0.434722 0.466942 0.580556 0.542700
10 0.798611 0.038567 0.163889 0.077135
10 0.958333 0.064738 0.083333 0.112948
10 0.801389 0.199725 0.191667 0.212121
10 0.980556 0.267218 0.038889 0.143251
10 0.862500 0.454545 0.236111 0.247934
10 0.693056 0.695592 0.202778 0.239669
10 0.833333 0.783747 0.188889 0.173554
10 0.555556 0.915978 0.222222 0.168044
10 0.373611 0.804408 0.208333 0.181818
10 0.081944 0.968320 0.163889 0.063361
10 0.059722 0.533058 0.119444 0.162534
10 0.175000 0.095041 0.227778 0.173554
10 0.188889 0.016529 0.172222 0.033058
10 0.627778 0.006887 0.088889 0.013774
