2 0.502778 0.498623 0.355556 0.358127
8 0.305556 0.285124 0.083333 0.079890
8 0.041667 0.425620 0.066667 0.068871
8 0.230556 0.643251 0.061111 0.052342
10 0.055556 0.070248 0.111111 0.140496
10 0.188889 0.147383 0.205556 0.239669
10 0.429167 0.092287 0.197222 0.184573
10 0.501389 0.063361 0.197222 0.126722
10 0.855556 0.125344 0.233333 0.206612
10 0.972222 0.049587 0.055556 0.099174
10 0.973611 0.526171 0.052778 0.148760
10 0.790278 0.563361 0.219444 0.201102
10 0.886111 0.757576 0.227778 0.181818
10 0.920833 0.932507 0.158333 0.134986
10 0.668056 0.957300 0.175000 0.085399
10 0.654167 0.747934 0.202778 0.179063
10 0.509722 0.884298 0.208333 0.192837
10 0.337500 0.746556 0.191667 0.209366
10 0.220833 0.943526 0.175000 0.112948
10 0.133333 0.925620 0.216667 0.148760
10 0.020833 0.899449 0.041667 0.090909
10 0.113889 0.728650 0.205556 0.217631
10 0.094444 0.501377 0.188889 0.209366
10 0.044444 0.257576 0.088889 0.162534
