2 0.502778 0.501377 0.372222 0.352617
8 0.761111 0.982094 0.055556 0.035813
10 0.209722 0.250689 0.186111 0.192837
10 0.062500 0.414601 0.125000 0.201102
10 0.062500 0.015152 0.102778 0.030303
10 0.386111 0.063361 0.211111 0.126722
10 0.601389 0.122590 0.169444 0.140496
10 0.683333 0.078512 0.183333 0.157025
10 0.869444 0.176309 0.177778 0.192837
10 0.962500 0.209366 0.075000 0.181818
10 0.812500 0.371901 0.191667 0.170799
10 0.838889 0.588154 0.200000 0.195592
10 0.973611 0.741047 0.052778 0.159780
10 0.904167 0.911846 0.191667 0.176309
10 0.620833 0.796143 0.208333 0.198347
10 0.376389 0.765840 0.202778 0.209366
10 0.194444 0.582645 0.205556 0.212121
10 0.148611 0.851240 0.219444 0.198347
