2 0.506944 0.494490 0.413889 0.404959
8 0.030556 0.176309 0.044444 0.071625
8 0.448611 0.984848 0.063889 0.030303
8 0.880556 0.734160 0.066667 0.074380
10 0.083333 0.060606 0.166667 0.121212
10 0.222222 0.163912 0.183333 0.190083
10 0.380556 0.066116 0.233333 0.132231
10 0.693056 0.192837 0.208333 0.236915
10 0.913889 0.140496 0.172222 0.198347
10 0.897222 0.312672 0.205556 0.212121
10 0.808333 0.453168 0.200000 0.267218
10 0.952778 0.661157 0.094444 0.198347
10 0.930556 0.962810 0.138889 0.074380
10 0.701389 0.754821 0.236111 0.225895
10 0.455556 0.819559 0.205556 0.195592
10 0.308333 0.980716 0.116667 0.038567
10 0.272222 0.768595 0.188889 0.198347
10 0.075000 0.818182 0.150000 0.231405
10 0.037500 0.887052 0.075000 0.176309
10 0.168056 0.550964 0.175000 0.132231
10 0.183333 0.363636 0.227778 0.198347
10 0.026389 0.359504 0.052778 0.228650
