2 0.501389 0.500000 0.397222 0.377410
8 0.751389 0.650138 0.075000 0.066116
10 0.784722 0.176309 0.202778 0.203857
10 0.979167 0.055096 0.041667 0.110193
10 0.852778 0.388430 0.222222 0.225895
10 0.893056 0.625344 0.186111 0.192837
10 0.777778 0.805785 0.177778 0.217631
10 0.563889 0.804408 0.205556 0.192837
10 0.322222 0.786501 0.183333 0.157025
10 0.383333 0.936639 0.238889 0.126722
10 0.019444 0.918733 0.038889 0.162534
10 0.077778 0.713499 0.155556 0.214876
10 0.166667 0.505510 0.205556 0.190083
10 0.058333 0.356749 0.116667 0.223140
10 0.134722 0.151515 0.219444 0.214876
10 0.368056 0.154270 0.186111 0.203857
