2 0.501389 0.500000 0.441667 0.454545
10 0.886111 0.081267 0.188889 0.162534
10 0.701389 0.022039 0.186111 0.044077
10 0.461111 0.057851 0.261111 0.115702
10 0.200000 0.020661 0.205556 0.041322
10 0.105556 0.104683 0.211111 0.181818
10 0.138889 0.276860 0.238889 0.206612
10 0.501389 0.198347 0.263889 0.137741
10 0.952778 0.308540 0.094444 0.187328
10 0.966667 0.683196 0.066667 0.181818
10 0.779167 0.618457 0.186111 0.179063
10 0.758333 0.858127 0.283333 0.195592
10 0.369444 0.862259 0.216667 0.192837
10 0.098611 0.891185 0.197222 0.217631
