2 0.502778 0.502755 0.411111 0.410468
10 0.051389 0.188705 0.102778 0.206612
10 0.248611 0.144628 0.219444 0.256198
10 0.540278 0.035813 0.186111 0.071625
10 0.636111 0.143251 0.200000 0.187328
10 0.912500 0.144628 0.175000 0.234160
10 0.793056 0.331956 0.213889 0.212121
10 0.933333 0.483471 0.133333 0.212121
10 0.840278 0.767218 0.197222 0.223140
10 0.927778 0.929752 0.144444 0.140496
10 0.579167 0.947658 0.230556 0.104683
10 0.490278 0.822314 0.208333 0.190083
10 0.294444 0.742424 0.211111 0.190083
10 0.133333 0.601928 0.194444 0.179063
10 0.176389 0.411846 0.213889 0.201102
10 0.027778 0.673554 0.055556 0.162534
10 0.027778 0.925620 0.055556 0.148760
