2 0.504167 0.500000 0.458333 0.454545
8 0.654167 0.219008 0.069444 0.079890
10 0.930556 0.049587 0.138889 0.099174
10 0.933333 0.195592 0.133333 0.154270
10 0.861111 0.344353 0.194444 0.170799
10 0.670833 0.334711 0.191667 0.195592
10 0.448611 0.184573 0.169444 0.159780
10 0.109722 0.184573 0.219444 0.192837
10 0.159722 0.340220 0.236111 0.168044
10 0.376389 0.779614 0.197222 0.192837
10 0.363889 0.949036 0.177778 0.101928
10 0.909722 0.807163 0.180556 0.192837
10 0.834722 0.539945 0.158333 0.198347
10 0.947222 0.468320 0.105556 0.148760
