2 0.509722 0.515152 0.397222 0.402204
10 0.937500 0.052342 0.125000 0.104683
10 0.780556 0.117080 0.183333 0.190083
10 0.279167 0.125344 0.191667 0.140496
10 0.180556 0.224518 0.216667 0.184573
10 0.023611 0.081267 0.047222 0.146006
10 0.026389 0.212121 0.052778 0.137741
10 0.200000 0.446281 0.155556 0.165289
10 0.105556 0.782369 0.211111 0.176309
10 0.140278 0.898072 0.158333 0.198347
10 0.323611 0.849862 0.169444 0.157025
10 0.548611 0.834711 0.175000 0.203857
10 0.750000 0.746556 0.177778 0.198347
10 0.650000 0.973829 0.161111 0.052342
10 0.840278 0.922865 0.213889 0.154270
10 0.945833 0.782369 0.108333 0.192837
10 0.943056 0.568871 0.113889 0.173554
10 0.940278 0.352617 0.119444 0.181818
10 0.769444 0.325069 0.194444 0.181818
10 0.823611 0.500000 0.180556 0.201102
