2 0.501389 0.501377 0.408333 0.341598
2 0.523611 0.848485 0.391667 0.303030
2 0.895833 0.880165 0.208333 0.239669
2 0.790278 0.130854 0.375000 0.261708
10 0.088889 0.245179 0.177778 0.203857
10 0.313889 0.090909 0.233333 0.181818
10 0.479167 0.195592 0.202778 0.187328
10 0.827778 0.376033 0.200000 0.157025
10 0.841667 0.453168 0.200000 0.190083
10 0.986111 0.290634 0.027778 0.157025
10 0.788889 0.650138 0.200000 0.187328
10 0.187500 0.637741 0.175000 0.179063
10 0.076389 0.493113 0.152778 0.203857
10 0.062500 0.739669 0.125000 0.195592
10 0.068056 0.867769 0.136111 0.192837
10 0.104167 0.984848 0.169444 0.030303
