2 0.409836 0.582656 0.431694 0.444444
8 0.017760 0.334688 0.035519 0.094851
10 0.062842 0.138211 0.125683 0.162602
10 0.209016 0.016260 0.183060 0.032520
10 0.566940 0.078591 0.237705 0.157182
10 0.842896 0.052846 0.204918 0.105691
10 0.923497 0.104336 0.153005 0.208672
10 0.633880 0.281843 0.306011 0.233062
10 0.157104 0.355014 0.221311 0.222222
10 0.035519 0.495935 0.071038 0.184282
10 0.714481 0.727642 0.204918 0.241192
10 0.818306 0.940379 0.237705 0.119241
10 0.982240 0.955285 0.035519 0.089431
10 0.534153 0.962060 0.204918 0.075881
10 0.233607 0.920054 0.248634 0.159892
