2 0.508333 0.495868 0.383333 0.385675
10 0.916667 0.034435 0.166667 0.068871
10 0.709722 0.097796 0.213889 0.195592
10 0.018056 0.838843 0.036111 0.112948
10 0.270833 0.873278 0.180556 0.170799
10 0.468056 0.920110 0.197222 0.159780
10 0.633333 0.808540 0.183333 0.179063
10 0.694444 0.695592 0.155556 0.184573
10 0.937500 0.585399 0.125000 0.151515
10 0.918056 0.778237 0.163889 0.184573
10 0.975000 0.944904 0.050000 0.110193
10 0.961111 0.367769 0.077778 0.190083
10 0.976389 0.169421 0.047222 0.162534
10 0.798611 0.309917 0.191667 0.206612
10 0.472222 0.119835 0.177778 0.217631
10 0.156944 0.053719 0.197222 0.107438
10 0.025000 0.151515 0.050000 0.148760
10 0.190278 0.250689 0.175000 0.187328
10 0.156944 0.582645 0.213889 0.190083
