2 0.509722 0.541322 0.413889 0.410468
8 0.670833 0.258953 0.036111 0.049587
8 0.952778 0.022039 0.055556 0.027548
8 0.608333 0.859504 0.066667 0.044077
10 0.808333 0.103306 0.205556 0.206612
10 0.875000 0.198347 0.194444 0.220386
10 0.791667 0.406336 0.177778 0.190083
10 0.952778 0.409091 0.094444 0.239669
10 0.916667 0.827824 0.161111 0.239669
10 0.706944 0.818182 0.197222 0.209366
10 0.350000 0.831956 0.244444 0.220386
10 0.312500 0.929752 0.163889 0.140496
10 0.118056 0.964187 0.169444 0.071625
10 0.101389 0.768595 0.202778 0.198347
10 0.169444 0.506887 0.227778 0.225895
10 0.245833 0.304408 0.213889 0.206612
10 0.181944 0.097796 0.225000 0.195592
10 0.408333 0.097796 0.211111 0.195592
10 0.612500 0.070248 0.152778 0.140496
