2 0.497222 0.506887 0.438889 0.468320
8 0.762500 0.163912 0.113889 0.096419
10 0.902778 0.286501 0.194444 0.209366
10 0.947222 0.466942 0.105556 0.184573
10 0.613889 0.067493 0.211111 0.134986
10 0.415278 0.053719 0.158333 0.107438
10 0.218056 0.097796 0.175000 0.195592
10 0.038889 0.063361 0.077778 0.126722
10 0.076389 0.209366 0.152778 0.225895
10 0.422222 0.196970 0.161111 0.151515
10 0.587500 0.202479 0.158333 0.195592
10 0.044444 0.406336 0.088889 0.195592
10 0.077778 0.614325 0.155556 0.192837
10 0.206944 0.395317 0.163889 0.168044
10 0.231944 0.546832 0.175000 0.162534
10 0.220833 0.921488 0.163889 0.157025
10 0.401389 0.924242 0.180556 0.129477
10 0.590278 0.876033 0.180556 0.192837
