2 0.493056 0.509642 0.425000 0.396694
10 0.931944 0.136364 0.136111 0.184573
10 0.798611 0.129477 0.169444 0.209366
10 0.594444 0.198347 0.205556 0.192837
10 0.216667 0.035813 0.155556 0.071625
10 0.052778 0.123967 0.105556 0.231405
10 0.102778 0.352617 0.166667 0.187328
10 0.227778 0.351240 0.177778 0.212121
10 0.150000 0.579890 0.177778 0.245179
10 0.025000 0.647383 0.050000 0.181818
10 0.952778 0.414601 0.094444 0.190083
10 0.918056 0.571625 0.163889 0.190083
10 0.798611 0.599174 0.152778 0.234160
10 0.973611 0.899449 0.052778 0.184573
10 0.848611 0.882920 0.163889 0.201102
10 0.658333 0.920110 0.188889 0.159780
