2 0.504167 0.442149 0.341667 0.360882
10 0.870833 0.097796 0.225000 0.195592
10 0.637500 0.074380 0.208333 0.148760
10 0.630556 0.158402 0.177778 0.190083
10 0.345833 0.118457 0.219444 0.181818
10 0.300000 0.212121 0.194444 0.187328
10 0.068056 0.220386 0.136111 0.165289
10 0.044444 0.367769 0.088889 0.190083
10 0.086111 0.623967 0.172222 0.162534
10 0.177778 0.561983 0.161111 0.115702
10 0.325000 0.712121 0.188889 0.217631
10 0.136111 0.837466 0.227778 0.187328
10 0.022222 0.933884 0.044444 0.132231
10 0.194444 0.982094 0.111111 0.035813
10 0.355556 0.951791 0.144444 0.096419
10 0.577778 0.921488 0.250000 0.157025
10 0.820833 0.918733 0.186111 0.162534
10 0.966667 0.895317 0.066667 0.148760
10 0.954167 0.739669 0.091667 0.173554
10 0.609722 0.746556 0.175000 0.198347
10 0.795833 0.648760 0.208333 0.223140
10 0.900000 0.515152 0.200000 0.231405
10 0.843056 0.305785 0.225000 0.159780
