2 0.540278 0.522039 0.391667 0.388430
10 0.048611 0.177686 0.097222 0.179063
10 0.163889 0.064738 0.211111 0.129477
10 0.213889 0.265840 0.216667 0.195592
10 0.341667 0.013774 0.094444 0.027548
10 0.593056 0.024793 0.147222 0.049587
10 0.593056 0.184573 0.258333 0.198347
10 0.794444 0.066116 0.183333 0.121212
10 0.906944 0.038567 0.186111 0.077135
10 0.869444 0.209366 0.194444 0.165289
10 0.954167 0.446281 0.091667 0.159780
10 0.847222 0.614325 0.172222 0.253444
10 0.980556 0.628099 0.038889 0.121212
10 0.969444 0.914601 0.061111 0.165289
10 0.787500 0.987603 0.169444 0.024793
10 0.743056 0.847107 0.219444 0.173554
10 0.568056 0.944904 0.241667 0.110193
10 0.350000 0.911846 0.172222 0.176309
10 0.138889 0.895317 0.205556 0.192837
10 0.231944 0.702479 0.141667 0.203857
10 0.020833 0.790634 0.041667 0.159780
10 0.045833 0.552342 0.091667 0.162534
