2 0.502778 0.504132 0.405556 0.407713
10 0.125000 0.048209 0.188889 0.096419
10 0.345833 0.027548 0.152778 0.055096
10 0.295833 0.213499 0.225000 0.223140
10 0.763889 0.090909 0.244444 0.181818
10 0.986111 0.064738 0.027778 0.123967
10 0.811111 0.304408 0.222222 0.195592
10 0.923611 0.460055 0.152778 0.203857
10 0.945833 0.738292 0.108333 0.214876
10 0.877778 0.968320 0.161111 0.063361
10 0.695833 0.869146 0.202778 0.206612
10 0.291667 0.975207 0.166667 0.049587
10 0.027778 0.982094 0.055556 0.035813
10 0.065278 0.763085 0.130556 0.165289
10 0.019444 0.342975 0.038889 0.157025
