2 0.500000 0.500000 0.422222 0.443526
8 0.756944 0.078512 0.313889 0.157025
10 0.941667 0.096419 0.116667 0.192837
10 0.933333 0.246556 0.133333 0.184573
10 0.765278 0.269972 0.186111 0.187328
10 0.509722 0.012397 0.141667 0.024793
10 0.473611 0.108815 0.180556 0.184573
10 0.222222 0.033058 0.177778 0.066116
10 0.052778 0.074380 0.105556 0.148760
10 0.034722 0.174931 0.069444 0.134986
10 0.245833 0.162534 0.191667 0.203857
10 0.058333 0.301653 0.116667 0.179063
10 0.133333 0.293388 0.150000 0.168044
10 0.033333 0.461433 0.066667 0.151515
10 0.172222 0.490358 0.205556 0.181818
10 0.038889 0.969697 0.077778 0.060606
10 0.122222 0.842975 0.138889 0.209366
10 0.213889 0.794766 0.161111 0.206612
10 0.261111 0.710744 0.161111 0.159780
10 0.438889 0.818182 0.194444 0.198347
10 0.722222 0.888430 0.155556 0.217631
10 0.804167 0.834711 0.125000 0.176309
10 0.805556 0.641873 0.177778 0.181818
10 0.972222 0.705234 0.055556 0.137741
