2 0.501389 0.500000 0.369444 0.371901
8 0.338889 0.179063 0.077778 0.055096
8 0.897222 0.579890 0.050000 0.046832
10 0.930556 0.055096 0.138889 0.110193
10 0.705556 0.132231 0.233333 0.187328
10 0.919444 0.249311 0.161111 0.195592
10 0.769444 0.362259 0.200000 0.190083
10 0.783333 0.550964 0.150000 0.225895
10 0.976389 0.559229 0.047222 0.176309
10 0.920833 0.860882 0.158333 0.179063
10 0.820833 0.798898 0.202778 0.198347
10 0.758333 0.955923 0.222222 0.088154
10 0.495833 0.805785 0.213889 0.173554
10 0.259722 0.858127 0.202778 0.212121
10 0.111111 0.965565 0.222222 0.068871
10 0.051389 0.537190 0.102778 0.198347
10 0.184722 0.443526 0.191667 0.154270
10 0.094444 0.236915 0.188889 0.181818
10 0.056944 0.060606 0.113889 0.121212
10 0.319444 0.049587 0.205556 0.099174
10 0.470833 0.170799 0.191667 0.187328
