2 0.502778 0.480716 0.366667 0.415978
10 0.777778 0.099174 0.250000 0.198347
10 0.561111 0.163912 0.411111 0.278237
10 0.395833 0.041322 0.213889 0.082645
10 0.038889 0.157025 0.077778 0.231405
10 0.156944 0.608815 0.275000 0.236915
10 0.198611 0.865014 0.230556 0.247934
10 0.483333 0.913223 0.288889 0.173554
10 0.916667 0.976584 0.166667 0.046832
10 0.819444 0.659780 0.288889 0.267218
10 0.940278 0.691460 0.119444 0.236915
10 0.937500 0.393939 0.125000 0.192837
10 0.876389 0.388430 0.180556 0.297521
