2 0.441667 0.560606 0.483333 0.426997
10 0.948611 0.079890 0.102778 0.159780
10 0.713889 0.045455 0.222222 0.090909
10 0.370833 0.030303 0.169444 0.060606
10 0.538889 0.154270 0.205556 0.231405
10 0.066667 0.078512 0.133333 0.157025
10 0.200000 0.216253 0.227778 0.217631
10 0.025000 0.254821 0.050000 0.140496
10 0.016667 0.466942 0.033333 0.206612
10 0.137500 0.436639 0.202778 0.267218
10 0.104167 0.669421 0.169444 0.170799
10 0.290278 0.815427 0.225000 0.165289
10 0.531944 0.922865 0.230556 0.154270
10 0.805556 0.961433 0.272222 0.077135
10 0.804167 0.845730 0.169444 0.159780
10 0.959722 0.420110 0.080556 0.206612
10 0.786111 0.444904 0.194444 0.173554
