2 0.505556 0.498623 0.400000 0.424242
10 0.061111 0.055096 0.122222 0.110193
10 0.087500 0.221763 0.175000 0.267218
10 0.193056 0.258953 0.230556 0.247934
10 0.393056 0.114325 0.247222 0.228650
10 0.629167 0.129477 0.225000 0.236915
10 0.865278 0.143251 0.230556 0.236915
10 0.968056 0.037190 0.063889 0.074380
10 0.944444 0.438017 0.111111 0.198347
10 0.768056 0.676309 0.186111 0.217631
10 0.920833 0.778237 0.158333 0.201102
10 0.916667 0.955923 0.166667 0.088154
10 0.702778 0.873278 0.283333 0.242424
10 0.620833 0.984848 0.175000 0.030303
10 0.370833 0.969697 0.230556 0.060606
10 0.179167 0.953168 0.219444 0.093664
10 0.238889 0.797521 0.205556 0.223140
10 0.101389 0.600551 0.202778 0.231405
10 0.056944 0.842975 0.113889 0.214876
