2 0.501389 0.504132 0.369444 0.369146
2 0.666667 0.830579 0.372222 0.338843
10 0.131944 0.052342 0.202778 0.104683
10 0.315278 0.230028 0.169444 0.201102
10 0.865278 0.132231 0.186111 0.192837
10 0.733333 0.298898 0.200000 0.212121
10 0.919444 0.396694 0.161111 0.214876
10 0.850000 0.589532 0.233333 0.198347
10 0.943056 0.814050 0.113889 0.223140
10 0.406944 0.953168 0.147222 0.093664
10 0.212500 0.928375 0.219444 0.143251
10 0.288889 0.736915 0.183333 0.206612
10 0.088889 0.768595 0.177778 0.192837
10 0.152778 0.469697 0.233333 0.217631
10 0.038889 0.336088 0.077778 0.187328
