2 0.501389 0.637741 0.402778 0.399449
10 0.150000 0.061983 0.227778 0.123967
10 0.176389 0.126722 0.225000 0.231405
10 0.279167 0.239669 0.219444 0.181818
10 0.386111 0.034435 0.216667 0.068871
10 0.687500 0.020661 0.208333 0.041322
10 0.711111 0.097796 0.244444 0.162534
10 0.916667 0.086777 0.166667 0.173554
10 0.840278 0.260331 0.225000 0.217631
10 0.963889 0.355372 0.072222 0.203857
10 0.505556 0.246556 0.216667 0.206612
10 0.301389 0.400826 0.236111 0.217631
10 0.179167 0.490358 0.241667 0.225895
10 0.068056 0.429752 0.136111 0.170799
10 0.044444 0.307163 0.088889 0.162534
10 0.037500 0.625344 0.075000 0.126722
10 0.188889 0.626722 0.172222 0.184573
10 0.090278 0.918733 0.180556 0.162534
10 0.241667 0.914601 0.244444 0.170799
10 0.905556 0.980716 0.144444 0.038567
10 0.808333 0.865014 0.222222 0.203857
10 0.773611 0.939394 0.213889 0.121212
10 0.790278 0.779614 0.208333 0.154270
10 0.929167 0.650138 0.141667 0.198347
