2 0.502778 0.493113 0.388889 0.374656
10 0.894444 0.250689 0.177778 0.187328
10 0.934722 0.432507 0.130556 0.181818
10 0.904167 0.639118 0.191667 0.170799
10 0.691667 0.760331 0.194444 0.181818
10 0.763889 0.881543 0.222222 0.203857
10 0.905556 0.977961 0.105556 0.044077
10 0.434722 0.944904 0.197222 0.110193
10 0.183333 0.962810 0.205556 0.074380
10 0.415278 0.855372 0.225000 0.195592
10 0.261111 0.707989 0.188889 0.154270
10 0.215278 0.548209 0.158333 0.236915
10 0.190278 0.366391 0.197222 0.220386
10 0.052778 0.516529 0.105556 0.201102
10 0.093056 0.093664 0.186111 0.187328
10 0.291667 0.074380 0.161111 0.148760
10 0.427778 0.140496 0.177778 0.192837
