2 0.501389 0.497245 0.352778 0.327824
8 0.070833 0.670799 0.063889 0.074380
10 0.069444 0.089532 0.138889 0.179063
10 0.363889 0.045455 0.188889 0.090909
10 0.777778 0.039945 0.183333 0.079890
10 0.731944 0.199725 0.213889 0.212121
10 0.915278 0.290634 0.169444 0.239669
10 0.945833 0.552342 0.108333 0.217631
10 0.959722 0.769972 0.080556 0.140496
10 0.748611 0.679063 0.219444 0.212121
10 0.779167 0.815427 0.225000 0.187328
10 0.909722 0.942149 0.180556 0.115702
10 0.679167 0.982094 0.125000 0.035813
10 0.494444 0.921488 0.172222 0.157025
10 0.125000 0.949036 0.211111 0.101928
10 0.340278 0.723140 0.202778 0.228650
10 0.448611 0.743802 0.186111 0.170799
10 0.250000 0.528926 0.183333 0.198347
10 0.286111 0.341598 0.183333 0.181818
10 0.290278 0.187328 0.202778 0.181818
10 0.083333 0.338843 0.166667 0.181818
