2 0.534722 0.495868 0.341667 0.369146
8 0.759722 0.399449 0.091667 0.110193
10 0.237500 0.022039 0.130556 0.044077
10 0.447222 0.031680 0.188889 0.063361
10 0.962500 0.013774 0.075000 0.027548
10 0.695833 0.165289 0.208333 0.192837
10 0.913889 0.214876 0.172222 0.236915
10 0.970833 0.511019 0.058333 0.184573
10 0.970833 0.745179 0.058333 0.146006
10 0.858333 0.658402 0.166667 0.192837
10 0.825000 0.561983 0.172222 0.192837
10 0.686111 0.760331 0.183333 0.170799
10 0.504167 0.899449 0.230556 0.201102
10 0.219444 0.836088 0.166667 0.217631
10 0.050000 0.829201 0.100000 0.181818
10 0.062500 0.608815 0.125000 0.187328
10 0.262500 0.537190 0.158333 0.181818
10 0.304167 0.640496 0.169444 0.201102
10 0.261111 0.338843 0.200000 0.170799
10 0.122222 0.367769 0.188889 0.195592
10 0.155556 0.141873 0.194444 0.195592
10 0.019444 0.199725 0.038889 0.162534
