2 0.502778 0.497245 0.433333 0.410468
8 0.548611 0.874656 0.052778 0.052342
10 0.072222 0.096419 0.144444 0.192837
10 0.034722 0.280992 0.069444 0.165289
10 0.190278 0.402204 0.136111 0.165289
10 0.229167 0.190083 0.197222 0.214876
10 0.350000 0.161157 0.188889 0.201102
10 0.511111 0.064738 0.205556 0.129477
10 0.940278 0.015152 0.119444 0.030303
10 0.966667 0.106061 0.066667 0.151515
10 0.936111 0.322314 0.127778 0.192837
10 0.837500 0.449036 0.197222 0.214876
10 0.976389 0.531680 0.047222 0.154270
10 0.891667 0.852617 0.200000 0.206612
10 0.681944 0.882920 0.186111 0.184573
10 0.405556 0.935262 0.222222 0.129477
10 0.381944 0.807163 0.197222 0.192837
10 0.084722 0.968320 0.169444 0.063361
10 0.019444 0.842975 0.038889 0.126722
10 0.159722 0.778237 0.219444 0.250689
10 0.086111 0.672176 0.172222 0.176309
