2 0.506944 0.494490 0.358333 0.366391
8 0.030556 0.305785 0.061111 0.104683
8 0.184722 0.017906 0.075000 0.035813
8 0.976389 0.425620 0.047222 0.057851
8 0.956944 0.690083 0.075000 0.074380
8 0.534722 0.892562 0.080556 0.060606
10 0.304167 0.104683 0.225000 0.192837
10 0.763889 0.121212 0.194444 0.187328
10 0.512500 0.157025 0.180556 0.181818
10 0.975000 0.236915 0.050000 0.148760
10 0.884722 0.528926 0.208333 0.187328
10 0.911111 0.808540 0.177778 0.179063
8 0.755556 0.767218 0.077778 0.079890
10 0.740278 0.745179 0.213889 0.173554
10 0.866667 0.955923 0.183333 0.088154
10 0.673611 0.909091 0.191667 0.181818
10 0.412500 0.949036 0.197222 0.101928
10 0.472222 0.785124 0.222222 0.154270
10 0.261111 0.334711 0.183333 0.195592
10 0.015278 0.444904 0.030556 0.146006
10 0.023611 0.676309 0.047222 0.140496
