2 0.495833 0.506887 0.358333 0.391185
8 0.497222 0.984848 0.072222 0.030303
10 0.870833 0.068871 0.208333 0.137741
10 0.608333 0.077135 0.266667 0.154270
10 0.287500 0.088154 0.219444 0.176309
10 0.761111 0.221763 0.183333 0.201102
10 0.120833 0.457300 0.186111 0.181818
10 0.026389 0.597796 0.052778 0.165289
10 0.030556 0.812672 0.061111 0.165289
10 0.126389 0.893939 0.180556 0.212121
10 0.237500 0.702479 0.252778 0.198347
10 0.559722 0.819559 0.219444 0.184573
10 0.637500 0.932507 0.208333 0.134986
10 0.615278 0.979339 0.213889 0.041322
10 0.365278 0.969697 0.158333 0.060606
10 0.858333 0.913223 0.211111 0.173554
10 0.863889 0.801653 0.188889 0.187328
10 0.887500 0.539945 0.225000 0.231405
10 0.800000 0.314050 0.238889 0.236915
