2 0.504167 0.498623 0.375000 0.380165
8 0.923611 0.203857 0.075000 0.071625
10 0.016667 0.048209 0.033333 0.096419
10 0.158333 0.031680 0.194444 0.063361
10 0.180556 0.085399 0.205556 0.170799
10 0.397222 0.012397 0.133333 0.024793
10 0.587500 0.012397 0.119444 0.024793
10 0.900000 0.056474 0.200000 0.112948
10 0.695833 0.117080 0.202778 0.190083
10 0.654167 0.203857 0.191667 0.192837
10 0.780556 0.336088 0.216667 0.231405
10 0.281944 0.249311 0.213889 0.212121
10 0.094444 0.402204 0.188889 0.198347
10 0.055556 0.469697 0.111111 0.250689
10 0.205556 0.611570 0.194444 0.220386
10 0.062500 0.731405 0.125000 0.190083
10 0.209722 0.842975 0.213889 0.198347
10 0.097222 0.968320 0.183333 0.063361
10 0.306944 0.972452 0.163889 0.055096
10 0.447222 0.867769 0.205556 0.192837
10 0.502778 0.811295 0.172222 0.168044
10 0.773611 0.887052 0.225000 0.220386
10 0.952778 0.924242 0.094444 0.134986
10 0.952778 0.721763 0.094444 0.192837
10 0.793056 0.629477 0.225000 0.234160
10 0.936111 0.494490 0.127778 0.206612
10 0.977778 0.512397 0.044444 0.104683
