2 0.505556 0.506887 0.388889 0.451791
10 0.127778 0.063361 0.183333 0.126722
10 0.491667 0.067493 0.216667 0.134986
10 0.775000 0.199725 0.200000 0.278237
10 0.697222 0.264463 0.177778 0.187328
10 0.937500 0.097796 0.125000 0.168044
10 0.977778 0.403581 0.044444 0.140496
10 0.781944 0.495868 0.186111 0.198347
10 0.859722 0.568871 0.175000 0.195592
10 0.987500 0.713499 0.025000 0.115702
10 0.976389 0.954545 0.047222 0.090909
10 0.773611 0.834711 0.186111 0.192837
10 0.565278 0.913223 0.208333 0.173554
10 0.269444 0.939394 0.188889 0.121212
10 0.044444 0.924242 0.088889 0.151515
10 0.168056 0.772727 0.175000 0.195592
10 0.275000 0.710744 0.172222 0.214876
10 0.036111 0.680441 0.072222 0.181818
10 0.012500 0.454545 0.025000 0.121212
10 0.159722 0.524793 0.197222 0.206612
10 0.098611 0.263085 0.197222 0.190083
