2 0.508333 0.511019 0.466667 0.487603
8 0.643056 0.286501 0.091667 0.077135
10 0.872222 0.050964 0.200000 0.101928
10 0.711111 0.038567 0.155556 0.071625
10 0.511111 0.070248 0.200000 0.140496
10 0.418056 0.024793 0.197222 0.049587
10 0.147222 0.020661 0.188889 0.041322
10 0.016667 0.033058 0.033333 0.066116
10 0.090278 0.162534 0.180556 0.187328
10 0.315278 0.151515 0.197222 0.176309
10 0.383333 0.230028 0.122222 0.096419
10 0.650000 0.194215 0.200000 0.184573
10 0.758333 0.170799 0.194444 0.181818
10 0.979167 0.238292 0.041667 0.140496
10 0.937500 0.195592 0.125000 0.187328
10 0.847222 0.371901 0.172222 0.170799
10 0.788889 0.449036 0.161111 0.165289
10 0.970833 0.533058 0.058333 0.140496
10 0.937500 0.523416 0.125000 0.159780
10 0.937500 0.698347 0.125000 0.173554
10 0.751389 0.659780 0.175000 0.162534
10 0.854167 0.747934 0.197222 0.184573
10 0.843056 0.939394 0.258333 0.121212
10 0.662500 0.873278 0.180556 0.203857
10 0.512500 0.855372 0.247222 0.179063
10 0.301389 0.803030 0.186111 0.179063
10 0.309722 0.944904 0.213889 0.110193
10 0.063889 0.961433 0.094444 0.077135
10 0.095833 0.896694 0.191667 0.206612
10 0.062500 0.654270 0.125000 0.212121
10 0.038889 0.355372 0.077778 0.242424
10 0.191667 0.378788 0.177778 0.146006
10 0.154167 0.466942 0.186111 0.201102
