2 0.554167 0.498623 0.352778 0.352617
10 0.680556 0.184573 0.183333 0.170799
10 0.362500 0.037190 0.213889 0.074380
10 0.115278 0.078512 0.230556 0.157025
10 0.286111 0.298898 0.244444 0.212121
10 0.084722 0.417355 0.169444 0.184573
10 0.234722 0.579890 0.219444 0.223140
10 0.173611 0.812672 0.208333 0.187328
10 0.540278 0.796143 0.225000 0.154270
10 0.712500 0.977961 0.136111 0.044077
10 0.911111 0.920110 0.177778 0.159780
10 0.940278 0.524793 0.119444 0.173554
10 0.945833 0.396694 0.108333 0.198347
