2 0.488889 0.511019 0.333333 0.316804
1 0.670833 0.190083 0.375000 0.380165
10 0.943056 0.316804 0.113889 0.148760
10 0.833333 0.486226 0.227778 0.217631
10 0.975000 0.709366 0.050000 0.151515
10 0.940278 0.961433 0.119444 0.077135
10 0.698611 0.940771 0.191667 0.118457
10 0.569444 0.808540 0.200000 0.201102
10 0.316667 0.825069 0.250000 0.212121
10 0.280556 0.723140 0.155556 0.123967
10 0.179167 0.955923 0.191667 0.088154
10 0.056944 0.906336 0.113889 0.187328
10 0.090278 0.668044 0.180556 0.239669
10 0.072222 0.575758 0.144444 0.225895
10 0.301389 0.263085 0.208333 0.206612
10 0.072222 0.055096 0.144444 0.110193
