2 0.504167 0.498623 0.358333 0.363636
8 0.298611 0.539945 0.058333 0.060606
8 0.797222 0.929752 0.061111 0.074380
10 0.031944 0.108815 0.063889 0.201102
10 0.143056 0.055096 0.197222 0.110193
10 0.340278 0.107438 0.202778 0.192837
10 0.577778 0.084022 0.205556 0.168044
10 0.791667 0.009642 0.111111 0.019284
10 0.259722 0.311295 0.213889 0.209366
10 0.068056 0.239669 0.136111 0.209366
10 0.233333 0.654270 0.194444 0.212121
10 0.398611 0.790634 0.202778 0.203857
10 0.390278 0.929752 0.213889 0.140496
10 0.595833 0.775482 0.191667 0.190083
10 0.634722 0.935262 0.236111 0.129477
10 0.076389 0.900826 0.152778 0.198347
10 0.058333 0.658402 0.116667 0.242424
10 0.893056 0.760331 0.213889 0.209366
10 0.826389 0.502755 0.213889 0.195592
10 0.970833 0.399449 0.058333 0.170799
10 0.854167 0.290634 0.202778 0.190083
