2 0.502778 0.599174 0.372222 0.366391
1 0.713889 0.341598 0.350000 0.358127
10 0.111111 0.027548 0.172222 0.055096
10 0.331944 0.159780 0.191667 0.176309
10 0.623611 0.074380 0.230556 0.148760
10 0.958333 0.289256 0.083333 0.148760
10 0.973611 0.505510 0.052778 0.168044
10 0.847222 0.623967 0.227778 0.245179
10 0.113889 0.278237 0.205556 0.187328
10 0.316667 0.381543 0.244444 0.201102
10 0.073611 0.487603 0.147222 0.214876
10 0.194444 0.680441 0.177778 0.192837
10 0.362500 0.862259 0.219444 0.176309
10 0.702778 0.831956 0.222222 0.225895
10 0.506944 0.969697 0.130556 0.060606
10 0.238889 0.979339 0.138889 0.041322
10 0.018056 0.958678 0.036111 0.082645
