2 0.505556 0.522039 0.377778 0.355372
10 0.058333 0.081267 0.116667 0.162534
10 0.215278 0.154270 0.247222 0.231405
10 0.611111 0.077135 0.205556 0.154270
10 0.675000 0.140496 0.183333 0.209366
10 0.708333 0.257576 0.211111 0.190083
10 0.801389 0.424242 0.191667 0.225895
10 0.890278 0.296143 0.219444 0.190083
10 0.897222 0.151515 0.205556 0.242424
10 0.922222 0.057851 0.155556 0.115702
10 0.938889 0.880165 0.122222 0.212121
10 0.947222 0.778237 0.105556 0.223140
10 0.581944 0.885675 0.252778 0.228650
10 0.294444 0.830579 0.244444 0.278237
10 0.098611 0.889807 0.169444 0.181818
10 0.022222 0.723140 0.044444 0.151515
10 0.144444 0.614325 0.250000 0.225895
