2 0.498611 0.509642 0.313889 0.297521
8 0.580556 0.107438 0.072222 0.060606
10 0.127778 0.097796 0.177778 0.173554
10 0.052778 0.195592 0.105556 0.203857
10 0.109722 0.331956 0.191667 0.168044
10 0.118056 0.429752 0.225000 0.192837
10 0.240278 0.611570 0.197222 0.214876
10 0.104167 0.721763 0.169444 0.198347
10 0.065278 0.769972 0.130556 0.206612
10 0.133333 0.939394 0.255556 0.121212
10 0.505556 0.798898 0.205556 0.198347
10 0.713889 0.830579 0.211111 0.223140
10 0.963889 0.917355 0.072222 0.165289
10 0.843056 0.987603 0.113889 0.024793
10 0.933333 0.275482 0.133333 0.214876
10 0.936111 0.099174 0.127778 0.192837
10 0.756944 0.064738 0.180556 0.129477
10 0.647222 0.034435 0.133333 0.068871
10 0.545833 0.013774 0.113889 0.027548
10 0.380556 0.039945 0.188889 0.079890
10 0.643056 0.261708 0.219444 0.181818
