2 0.505556 0.443526 0.433333 0.418733
10 0.041667 0.066116 0.083333 0.132231
10 0.215278 0.017906 0.158333 0.035813
10 0.454167 0.035813 0.191667 0.071625
10 0.434722 0.162534 0.225000 0.170799
10 0.658333 0.187328 0.188889 0.198347
10 0.881944 0.230028 0.191667 0.228650
10 0.950000 0.074380 0.100000 0.148760
10 0.669444 0.034435 0.155556 0.068871
10 0.954167 0.407713 0.091667 0.181818
10 0.252778 0.252066 0.194444 0.206612
10 0.066667 0.348485 0.133333 0.179063
10 0.195833 0.462810 0.197222 0.258953
10 0.294444 0.670799 0.227778 0.223140
10 0.097222 0.769972 0.194444 0.201102
10 0.058333 0.932507 0.116667 0.134986
10 0.519444 0.758953 0.177778 0.195592
10 0.688889 0.776860 0.194444 0.209366
10 0.904167 0.721763 0.191667 0.198347
10 0.900000 0.931129 0.200000 0.137741
10 0.894444 0.476584 0.211111 0.225895
10 0.772222 0.511019 0.150000 0.283747
