2 0.502778 0.500000 0.427778 0.399449
8 0.104167 0.236915 0.063889 0.049587
8 0.801389 0.712121 0.069444 0.074380
10 0.065278 0.049587 0.130556 0.099174
10 0.245833 0.024793 0.163889 0.049587
10 0.334722 0.147383 0.186111 0.212121
10 0.312500 0.258953 0.191667 0.181818
10 0.531944 0.081267 0.208333 0.162534
10 0.877778 0.085399 0.227778 0.165289
10 0.730556 0.217631 0.177778 0.198347
10 0.918056 0.268595 0.163889 0.168044
10 0.816667 0.462810 0.188889 0.225895
10 0.952778 0.911846 0.094444 0.176309
10 0.787500 0.849862 0.197222 0.179063
10 0.561111 0.812672 0.188889 0.181818
10 0.566667 0.988981 0.100000 0.022039
10 0.388889 0.953168 0.200000 0.093664
10 0.270833 0.798898 0.197222 0.176309
10 0.075000 0.855372 0.150000 0.184573
10 0.037500 0.982094 0.075000 0.035813
10 0.202778 0.567493 0.183333 0.203857
10 0.083333 0.426997 0.166667 0.192837
10 0.041667 0.494490 0.083333 0.179063
10 0.022222 0.207989 0.044444 0.157025
