2 0.500000 0.498623 0.338889 0.347107
8 0.886111 0.125344 0.044444 0.046832
10 0.748611 0.228650 0.225000 0.214876
10 0.412500 0.096419 0.191667 0.192837
10 0.275000 0.300275 0.205556 0.192837
10 0.123611 0.531680 0.247222 0.231405
10 0.281944 0.713499 0.225000 0.236915
10 0.087500 0.845730 0.169444 0.198347
10 0.431944 0.917355 0.208333 0.165289
10 0.661111 0.866391 0.227778 0.223140
10 0.870833 0.953168 0.258333 0.093664
10 0.929167 0.724518 0.141667 0.143251
10 0.937500 0.811295 0.125000 0.201102
10 0.772222 0.659780 0.177778 0.228650
10 0.923611 0.482094 0.152778 0.203857
