2 0.518056 0.477961 0.419444 0.388430
8 0.190278 0.688705 0.069444 0.071625
10 0.966667 0.028926 0.066667 0.057851
10 0.791667 0.027548 0.227778 0.055096
10 0.426389 0.081267 0.197222 0.162534
10 0.216667 0.015152 0.144444 0.030303
10 0.131944 0.161157 0.175000 0.250689
10 0.038889 0.371901 0.077778 0.220386
10 0.169444 0.433884 0.172222 0.228650
10 0.069444 0.717631 0.138889 0.234160
10 0.038889 0.960055 0.077778 0.079890
10 0.191667 0.903581 0.177778 0.192837
10 0.311111 0.925620 0.194444 0.148760
10 0.527778 0.922865 0.188889 0.154270
10 0.641667 0.190083 0.172222 0.187328
10 0.800000 0.207989 0.183333 0.184573
10 0.897222 0.147383 0.188889 0.173554
10 0.943056 0.378788 0.113889 0.184573
10 0.811111 0.494490 0.194444 0.217631
10 0.963889 0.641873 0.072222 0.214876
10 0.805556 0.719008 0.227778 0.198347
10 0.594444 0.782369 0.200000 0.187328
10 0.350000 0.776860 0.155556 0.159780
10 0.897222 0.935262 0.205556 0.129477
10 0.915278 0.902204 0.169444 0.195592
