2 0.505556 0.541322 0.444444 0.388430
10 0.018056 0.041322 0.036111 0.082645
10 0.197222 0.100551 0.194444 0.201102
10 0.091667 0.280992 0.183333 0.203857
10 0.219444 0.407713 0.188889 0.214876
10 0.102778 0.595041 0.200000 0.187328
10 0.008333 0.455923 0.016667 0.129477
10 0.255556 0.736915 0.166667 0.184573
10 0.084722 0.882920 0.169444 0.206612
10 0.297222 0.947658 0.188889 0.104683
10 0.445833 0.840220 0.191667 0.170799
10 0.670833 0.880165 0.219444 0.201102
10 0.877778 0.929752 0.177778 0.140496
10 0.893056 0.756198 0.197222 0.195592
10 0.726389 0.309917 0.213889 0.206612
10 0.820833 0.557851 0.147222 0.217631
10 0.943056 0.476584 0.113889 0.209366
10 0.920833 0.232782 0.158333 0.201102
10 0.523611 0.060606 0.219444 0.121212
10 0.713889 0.090909 0.188889 0.181818
10 0.881944 0.015152 0.130556 0.030303
