2 0.501389 0.560606 0.452778 0.443526
8 0.625000 0.201102 0.072222 0.071625
10 0.061111 0.119835 0.122222 0.239669
10 0.165278 0.070248 0.197222 0.140496
10 0.359722 0.059229 0.219444 0.118457
10 0.187500 0.235537 0.225000 0.256198
10 0.352778 0.210744 0.188889 0.228650
10 0.454167 0.212121 0.147222 0.209366
10 0.636111 0.030303 0.105556 0.060606
10 0.887500 0.031680 0.225000 0.063361
10 0.840278 0.322314 0.202778 0.214876
10 0.980556 0.283747 0.038889 0.126722
10 0.844444 0.508264 0.194444 0.201102
10 0.868056 0.626722 0.225000 0.234160
10 0.902778 0.765840 0.194444 0.264463
10 0.341667 0.969697 0.238889 0.060606
10 0.230556 0.940771 0.227778 0.118457
10 0.052778 0.977961 0.105556 0.044077
10 0.176389 0.720386 0.230556 0.261708
10 0.063889 0.706612 0.127778 0.201102
10 0.055556 0.435262 0.111111 0.247934
