2 0.504167 0.511019 0.325000 0.333333
8 0.855556 0.311295 0.083333 0.066116
10 0.088889 0.071625 0.177778 0.143251
10 0.351389 0.063361 0.219444 0.126722
10 0.569444 0.159780 0.211111 0.236915
10 0.308333 0.309917 0.216667 0.261708
10 0.109722 0.380165 0.202778 0.253444
10 0.231944 0.659780 0.208333 0.217631
10 0.379167 0.885675 0.236111 0.228650
10 0.209722 0.953168 0.202778 0.093664
10 0.618056 0.955923 0.219444 0.088154
10 0.629167 0.765840 0.230556 0.242424
10 0.815278 0.842975 0.225000 0.214876
10 0.969444 0.822314 0.061111 0.223140
10 0.800000 0.538567 0.188889 0.217631
10 0.962500 0.298898 0.075000 0.201102
10 0.770833 0.187328 0.163889 0.198347
