2 0.502778 0.506887 0.411111 0.413223
10 0.095833 0.093664 0.191667 0.187328
10 0.273611 0.228650 0.213889 0.198347
10 0.491667 0.050964 0.177778 0.101928
10 0.709722 0.044077 0.197222 0.088154
10 0.936111 0.209366 0.127778 0.209366
10 0.843056 0.597796 0.202778 0.181818
10 0.966667 0.847107 0.066667 0.201102
10 0.970833 0.725895 0.058333 0.151515
10 0.715278 0.779614 0.191667 0.209366
10 0.918056 0.979339 0.119444 0.041322
10 0.644444 0.972452 0.172222 0.055096
10 0.450000 0.865014 0.222222 0.214876
10 0.151389 0.809917 0.197222 0.176309
10 0.062500 0.615702 0.125000 0.195592
10 0.019444 0.973829 0.038889 0.052342
