2 0.520833 0.449036 0.347222 0.358127
10 0.034722 0.038567 0.069444 0.077135
10 0.188889 0.119835 0.194444 0.206612
10 0.437500 0.081267 0.230556 0.162534
10 0.738889 0.106061 0.188889 0.206612
10 0.936111 0.066116 0.127778 0.132231
10 0.784722 0.539945 0.163889 0.231405
10 0.941667 0.567493 0.116667 0.192837
10 0.976389 0.796143 0.047222 0.192837
10 0.975000 0.984848 0.050000 0.030303
10 0.212500 0.972452 0.158333 0.055096
10 0.245833 0.818182 0.213889 0.209366
10 0.168056 0.486226 0.180556 0.195592
