2 0.508333 0.495868 0.422222 0.435262
8 0.048611 0.947658 0.047222 0.055096
10 0.518056 0.020661 0.152778 0.041322
10 0.401389 0.212121 0.236111 0.181818
10 0.191667 0.365014 0.216667 0.206612
10 0.136111 0.544077 0.211111 0.239669
10 0.093056 0.794766 0.186111 0.217631
10 0.377778 0.820937 0.216667 0.187328
10 0.352778 0.984848 0.150000 0.030303
10 0.755556 0.936639 0.211111 0.126722
10 0.947222 0.858127 0.105556 0.239669
10 0.911111 0.601928 0.177778 0.267218
10 0.888889 0.227273 0.222222 0.212121
10 0.647222 0.195592 0.233333 0.214876
