2 0.506944 0.495868 0.336111 0.341598
8 0.529167 0.078512 0.052778 0.046832
8 0.804167 0.607438 0.113889 0.129477
10 0.101389 0.081267 0.202778 0.162534
10 0.377778 0.050964 0.222222 0.101928
10 0.547222 0.206612 0.211111 0.192837
10 0.800000 0.111570 0.227778 0.223140
10 0.947222 0.209366 0.105556 0.203857
10 0.881944 0.424242 0.225000 0.220386
10 0.959722 0.632231 0.080556 0.195592
10 0.898611 0.944904 0.202778 0.110193
10 0.722222 0.727273 0.227778 0.236915
10 0.465278 0.786501 0.258333 0.195592
10 0.475000 0.953168 0.305556 0.093664
10 0.201389 0.953168 0.175000 0.093664
10 0.045833 0.913223 0.091667 0.173554
10 0.200000 0.780992 0.188889 0.195592
10 0.019444 0.548209 0.038889 0.143251
10 0.101389 0.319559 0.202778 0.242424
