2 0.508333 0.494490 0.383333 0.399449
8 0.823611 0.526171 0.047222 0.044077
10 0.976389 0.016529 0.047222 0.033058
10 0.793056 0.017906 0.158333 0.035813
10 0.334722 0.103306 0.225000 0.190083
10 0.165278 0.111570 0.197222 0.223140
10 0.269444 0.290634 0.172222 0.206612
10 0.105556 0.597796 0.211111 0.231405
10 0.279167 0.710744 0.163889 0.176309
10 0.204167 0.918733 0.197222 0.162534
10 0.034722 0.896694 0.069444 0.179063
10 0.515278 0.953168 0.219444 0.093664
10 0.683333 0.845730 0.183333 0.192837
10 0.469444 0.787879 0.211111 0.143251
10 0.933333 0.837466 0.133333 0.203857
10 0.783333 0.643251 0.183333 0.162534
10 0.779167 0.355372 0.169444 0.242424
10 0.929167 0.241047 0.141667 0.223140
