2 0.501389 0.505510 0.330556 0.399449
8 0.448611 0.307163 0.091667 0.079890
8 0.401389 0.013774 0.052778 0.027548
10 0.069444 0.070248 0.138889 0.140496
10 0.262500 0.079890 0.208333 0.159780
10 0.586111 0.177686 0.233333 0.206612
10 0.712500 0.278237 0.208333 0.214876
10 0.693056 0.059229 0.219444 0.118457
10 0.937500 0.110193 0.125000 0.220386
10 0.879167 0.097796 0.158333 0.195592
10 0.948611 0.776860 0.102778 0.214876
10 0.902778 0.730028 0.194444 0.198347
10 0.354167 0.968320 0.152778 0.063361
10 0.284722 0.918733 0.186111 0.162534
10 0.406944 0.819559 0.219444 0.201102
10 0.084722 0.918733 0.169444 0.162534
10 0.044444 0.714876 0.088889 0.278237
10 0.475000 0.968320 0.150000 0.063361
10 0.633333 0.896694 0.200000 0.206612
10 0.143056 0.548209 0.175000 0.220386
10 0.168056 0.400826 0.191667 0.206612
