2 0.505556 0.537190 0.355556 0.369146
10 0.079167 0.015152 0.086111 0.030303
10 0.365278 0.053719 0.208333 0.107438
10 0.679167 0.019284 0.152778 0.038567
10 0.926389 0.067493 0.147222 0.134986
10 0.645833 0.243802 0.225000 0.217631
10 0.783333 0.424242 0.216667 0.220386
10 0.926389 0.334711 0.147222 0.283747
10 0.325000 0.294766 0.255556 0.203857
10 0.095833 0.497245 0.191667 0.256198
10 0.051389 0.920110 0.102778 0.159780
10 0.200000 0.831956 0.244444 0.236915
10 0.465278 0.858127 0.230556 0.212121
10 0.708333 0.842975 0.244444 0.247934
10 0.533333 0.983471 0.133333 0.033058
10 0.966667 0.983471 0.066667 0.033058
