2 0.548611 0.512397 0.408333 0.413223
10 0.911111 0.035813 0.177778 0.071625
10 0.705556 0.034435 0.200000 0.068871
10 0.934722 0.163912 0.130556 0.195592
10 0.765278 0.239669 0.180556 0.198347
10 0.343056 0.261708 0.219444 0.176309
10 0.216667 0.213499 0.200000 0.184573
10 0.118056 0.037190 0.091667 0.074380
10 0.043056 0.112948 0.086111 0.225895
10 0.084722 0.377410 0.158333 0.198347
10 0.034722 0.329201 0.069444 0.179063
10 0.265278 0.439394 0.158333 0.190083
10 0.019444 0.571625 0.038889 0.151515
10 0.061111 0.763085 0.122222 0.198347
10 0.166667 0.837466 0.211111 0.165289
10 0.272222 0.772727 0.216667 0.223140
10 0.461111 0.790634 0.144444 0.225895
10 0.459722 0.953168 0.197222 0.093664
10 0.744444 0.931129 0.222222 0.137741
10 0.952778 0.951791 0.094444 0.096419
10 0.650000 0.794766 0.183333 0.179063
10 0.861111 0.815427 0.172222 0.176309
10 0.969444 0.739669 0.061111 0.118457
10 0.831944 0.619835 0.191667 0.203857
10 0.944444 0.517906 0.111111 0.209366
10 0.923611 0.398072 0.152778 0.157025
