2 0.500000 0.500000 0.405556 0.415978
10 0.955556 0.075758 0.088889 0.151515
10 0.813889 0.115702 0.250000 0.209366
10 0.498611 0.110193 0.219444 0.220386
10 0.293056 0.037190 0.180556 0.074380
10 0.144444 0.132231 0.222222 0.203857
10 0.036111 0.044077 0.072222 0.088154
10 0.320833 0.235537 0.219444 0.190083
10 0.151389 0.403581 0.236111 0.206612
10 0.086111 0.644628 0.172222 0.214876
10 0.070833 0.889807 0.141667 0.220386
10 0.229167 0.845730 0.225000 0.209366
10 0.170833 0.987603 0.119444 0.024793
10 0.916667 0.803030 0.166667 0.223140
10 0.979167 0.570248 0.041667 0.137741
10 0.941667 0.271350 0.116667 0.201102
10 0.715278 0.294766 0.241667 0.203857
10 0.831944 0.615702 0.219444 0.223140
