3 0.502778 0.504132 0.216667 0.220386
10 0.029167 0.563361 0.058333 0.151515
10 0.161111 0.651515 0.222222 0.217631
10 0.279167 0.458678 0.191667 0.162534
10 0.318056 0.196970 0.219444 0.201102
10 0.095833 0.121212 0.169444 0.181818
10 0.516667 0.035813 0.194444 0.071625
10 0.711111 0.089532 0.205556 0.179063
10 0.906944 0.017906 0.136111 0.035813
10 0.954167 0.162534 0.091667 0.258953
10 0.644444 0.293388 0.205556 0.184573
10 0.743056 0.734160 0.258333 0.250689
10 0.577778 0.913223 0.238889 0.173554
10 0.856944 0.973829 0.163889 0.052342
10 0.236111 0.965565 0.161111 0.068871
