3 0.501389 0.528926 0.280556 0.253444
10 0.175000 0.440771 0.183333 0.214876
10 0.075000 0.260331 0.150000 0.206612
10 0.051389 0.063361 0.102778 0.126722
10 0.869444 0.037190 0.205556 0.074380
10 0.945833 0.159780 0.108333 0.214876
10 0.838889 0.731405 0.194444 0.195592
10 0.798611 0.899449 0.236111 0.195592
10 0.968056 0.964187 0.063889 0.071625
10 0.658333 0.944904 0.194444 0.110193
10 0.450000 0.947658 0.177778 0.104683
10 0.075000 0.979339 0.133333 0.041322
10 0.269444 0.625344 0.205556 0.203857
