3 0.506944 0.501377 0.236111 0.264463
10 0.548611 0.026171 0.158333 0.052342
10 0.498611 0.068871 0.180556 0.137741
10 0.651389 0.942149 0.191667 0.115702
10 0.666667 0.871901 0.188889 0.157025
10 0.429167 0.977961 0.186111 0.044077
10 0.434722 0.888430 0.147222 0.190083
10 0.462500 0.758953 0.175000 0.173554
10 0.283333 0.847107 0.172222 0.184573
10 0.295833 0.632231 0.197222 0.206612
10 0.109722 0.734160 0.197222 0.195592
10 0.219444 0.407713 0.205556 0.187328
10 0.350000 0.185950 0.194444 0.190083
10 0.129167 0.157025 0.213889 0.192837
10 0.044444 0.015152 0.088889 0.030303
