3 0.118056 0.220386 0.236111 0.264463
3 0.505556 0.511019 0.261111 0.261708
10 0.086111 0.889807 0.172222 0.220386
10 0.313889 0.829201 0.211111 0.165289
10 0.086111 0.661157 0.172222 0.225895
10 0.230556 0.502755 0.222222 0.195592
10 0.369444 0.282369 0.211111 0.201102
10 0.362500 0.144628 0.236111 0.168044
10 0.013889 0.030303 0.027778 0.060606
10 0.937500 0.099174 0.125000 0.198347
10 0.908333 0.305785 0.183333 0.181818
10 0.902778 0.527548 0.194444 0.206612
10 0.729167 0.651515 0.208333 0.206612
