3 0.497222 0.500000 0.333333 0.322314
10 0.123611 0.442149 0.213889 0.195592
10 0.044444 0.559229 0.088889 0.258953
10 0.012500 0.271350 0.025000 0.118457
10 0.163889 0.184573 0.111111 0.159780
10 0.427778 0.039945 0.194444 0.079890
10 0.488889 0.074380 0.211111 0.148760
10 0.936111 0.101928 0.127778 0.198347
10 0.806944 0.314050 0.213889 0.209366
10 0.758333 0.363636 0.194444 0.181818
10 0.962500 0.435262 0.075000 0.187328
10 0.762500 0.637741 0.197222 0.190083
10 0.641667 0.772727 0.238889 0.206612
10 0.775000 0.924242 0.222222 0.151515
10 0.865278 0.867769 0.191667 0.192837
10 0.919444 0.787879 0.161111 0.214876
10 0.516667 0.958678 0.172222 0.082645
10 0.298611 0.931129 0.169444 0.137741
10 0.104167 0.972452 0.169444 0.055096
10 0.243056 0.628099 0.197222 0.198347
