3 0.501389 0.494490 0.213889 0.228650
8 0.729167 0.561983 0.075000 0.082645
10 0.019444 0.263085 0.038889 0.140496
10 0.095833 0.414601 0.191667 0.168044
10 0.169444 0.608815 0.250000 0.198347
10 0.330556 0.753444 0.183333 0.201102
10 0.237500 0.771350 0.158333 0.170799
10 0.075000 0.794766 0.150000 0.168044
10 0.076389 0.982094 0.141667 0.035813
10 0.284722 0.949036 0.213889 0.101928
10 0.668056 0.962810 0.186111 0.074380
10 0.811111 0.929752 0.216667 0.140496
10 0.936111 0.454545 0.127778 0.220386
10 0.973611 0.292011 0.052778 0.176309
10 0.902778 0.082645 0.194444 0.159780
10 0.590278 0.157025 0.180556 0.176309
10 0.551389 0.212121 0.202778 0.181818
10 0.170833 0.206612 0.225000 0.181818
10 0.230556 0.169421 0.200000 0.162534
10 0.331944 0.037190 0.197222 0.074380
