3 0.502778 0.502755 0.261111 0.261708
10 0.980556 0.090909 0.038889 0.137741
10 0.725000 0.111570 0.205556 0.195592
10 0.538889 0.241047 0.194444 0.151515
10 0.202778 0.082645 0.216667 0.165289
10 0.025000 0.034435 0.050000 0.068871
10 0.118056 0.511019 0.225000 0.234160
10 0.162500 0.841598 0.191667 0.157025
10 0.372222 0.745179 0.222222 0.206612
10 0.659722 0.838843 0.191667 0.201102
10 0.897222 0.833333 0.205556 0.212121
10 0.987500 0.606061 0.025000 0.115702
10 0.805556 0.545455 0.227778 0.247934
