3 0.497222 0.512397 0.261111 0.231405
10 0.045833 0.977961 0.091667 0.044077
10 0.433333 0.944904 0.211111 0.110193
10 0.848611 0.258953 0.302778 0.236915
10 0.763889 0.063361 0.188889 0.126722
10 0.447222 0.016529 0.116667 0.033058
10 0.233333 0.077135 0.183333 0.154270
10 0.165278 0.298898 0.241667 0.234160
10 0.072222 0.504132 0.144444 0.198347
10 0.197222 0.617080 0.216667 0.242424
10 0.390278 0.736915 0.186111 0.201102
10 0.622222 0.710744 0.188889 0.165289
10 0.883333 0.714876 0.166667 0.173554
10 0.966667 0.553719 0.066667 0.187328
10 0.761111 0.491736 0.211111 0.245179
10 0.563889 0.269972 0.205556 0.198347
