3 0.500000 0.498623 0.377778 0.352617
10 0.072222 0.061983 0.144444 0.123967
10 0.295833 0.097796 0.197222 0.195592
10 0.015278 0.202479 0.030556 0.112948
10 0.156944 0.351240 0.236111 0.195592
10 0.486111 0.057851 0.188889 0.115702
10 0.830556 0.055096 0.255556 0.110193
10 0.969444 0.099174 0.061111 0.165289
10 0.916667 0.202479 0.166667 0.223140
10 0.712500 0.219008 0.230556 0.239669
10 0.559722 0.150138 0.175000 0.173554
10 0.944444 0.345730 0.111111 0.090909
10 0.927778 0.494490 0.144444 0.201102
10 0.969444 0.652893 0.061111 0.121212
10 0.768056 0.460055 0.175000 0.181818
10 0.772222 0.603306 0.227778 0.170799
10 0.681944 0.841598 0.208333 0.228650
10 0.552778 0.727273 0.250000 0.198347
10 0.497222 0.972452 0.200000 0.055096
10 0.162500 0.902204 0.213889 0.195592
