3 0.504167 0.506887 0.363889 0.286501
10 0.037500 0.797521 0.075000 0.190083
10 0.498611 0.943526 0.247222 0.112948
10 0.561111 0.752066 0.227778 0.214876
10 0.754167 0.658402 0.169444 0.192837
10 0.741667 0.889807 0.200000 0.220386
10 0.936111 0.855372 0.127778 0.217631
10 0.625000 0.297521 0.205556 0.209366
10 0.845833 0.221763 0.202778 0.212121
10 0.754167 0.048209 0.213889 0.096419
10 0.520833 0.030303 0.180556 0.060606
10 0.397222 0.188705 0.216667 0.217631
10 0.156944 0.103306 0.230556 0.206612
10 0.044444 0.283747 0.088889 0.192837
