3 0.509722 0.542700 0.186111 0.236915
8 0.675000 0.665289 0.094444 0.085399
8 0.809722 0.085399 0.063889 0.077135
8 0.183333 0.476584 0.288889 0.336088
10 0.904167 0.289256 0.191667 0.187328
10 0.952778 0.033058 0.094444 0.060606
10 0.787500 0.059229 0.186111 0.112948
10 0.615278 0.148760 0.202778 0.159780
10 0.687500 0.340220 0.186111 0.179063
10 0.831944 0.508264 0.219444 0.206612
10 0.845833 0.721763 0.213889 0.159780
10 0.987500 0.776860 0.025000 0.110193
10 0.915278 0.944904 0.169444 0.110193
10 0.840278 0.935262 0.175000 0.129477
10 0.402778 0.960055 0.155556 0.079890
10 0.244444 0.769972 0.200000 0.201102
10 0.063889 0.837466 0.127778 0.198347
10 0.420833 0.286501 0.191667 0.198347
10 0.312500 0.064738 0.180556 0.123967
