3 0.505556 0.497245 0.311111 0.300275
8 0.822222 0.136364 0.088889 0.074380
10 0.566667 0.141873 0.183333 0.223140
10 0.888889 0.050964 0.200000 0.101928
10 0.909722 0.271350 0.180556 0.223140
10 0.734722 0.422865 0.197222 0.223140
10 0.876389 0.661157 0.180556 0.242424
10 0.693056 0.728650 0.191667 0.206612
10 0.515278 0.779614 0.197222 0.236915
10 0.322222 0.716253 0.183333 0.220386
10 0.258333 0.516529 0.183333 0.195592
10 0.091667 0.440771 0.183333 0.214876
10 0.130556 0.210744 0.227778 0.267218
10 0.018056 0.679063 0.036111 0.151515
10 0.051389 0.899449 0.102778 0.201102
10 0.283333 0.915978 0.211111 0.168044
10 0.123611 0.707989 0.163889 0.209366
