3 0.498611 0.526171 0.219444 0.203857
10 0.534722 0.217631 0.197222 0.187328
8 0.183333 0.265840 0.077778 0.063361
8 0.198611 0.566116 0.063889 0.057851
8 0.183333 0.954545 0.055556 0.046832
10 0.855556 0.330579 0.216667 0.209366
10 0.973611 0.417355 0.052778 0.140496
10 0.973611 0.099174 0.052778 0.165289
10 0.861111 0.022039 0.172222 0.044077
10 0.640278 0.046832 0.197222 0.093664
10 0.220833 0.108815 0.208333 0.195592
10 0.173611 0.060606 0.241667 0.121212
10 0.047222 0.195592 0.094444 0.192837
10 0.309722 0.370523 0.208333 0.201102
10 0.355556 0.314050 0.183333 0.203857
10 0.695833 0.668044 0.213889 0.223140
10 0.934722 0.724518 0.130556 0.209366
10 0.902778 0.752066 0.166667 0.231405
10 0.927778 0.943526 0.144444 0.112948
10 0.462500 0.873278 0.225000 0.209366
10 0.320833 0.855372 0.191667 0.206612
10 0.095833 0.679063 0.191667 0.201102
10 0.072222 0.581267 0.144444 0.198347
10 0.034722 0.838843 0.069444 0.173554
10 0.069444 0.968320 0.138889 0.063361
10 0.344444 0.986226 0.127778 0.027548
10 0.563889 0.988981 0.105556 0.022039
