3 0.501389 0.513889 0.230556 0.216667
10 0.079167 0.922222 0.158333 0.155556
10 0.212500 0.981944 0.113889 0.036111
10 0.259722 0.961111 0.130556 0.077778
10 0.470833 0.951389 0.252778 0.097222
10 0.886111 0.912500 0.227778 0.175000
10 0.990278 0.694444 0.019444 0.111111
10 0.895833 0.566667 0.208333 0.205556
10 0.730556 0.440278 0.244444 0.241667
10 0.829167 0.281944 0.191667 0.202778
10 0.955556 0.268056 0.088889 0.308333
10 0.923611 0.023611 0.152778 0.047222
10 0.698611 0.101389 0.219444 0.202778
10 0.543056 0.279167 0.191667 0.202778
10 0.345833 0.372222 0.191667 0.211111
10 0.263889 0.347222 0.211111 0.216667
10 0.375000 0.119444 0.211111 0.194444
10 0.322222 0.044444 0.205556 0.088889
10 0.523611 0.015278 0.108333 0.030556
10 0.118056 0.133333 0.180556 0.205556
10 0.054167 0.109722 0.108333 0.219444
10 0.066667 0.358333 0.133333 0.222222
10 0.066667 0.727778 0.133333 0.183333
10 0.281944 0.668056 0.230556 0.236111
10 0.525000 0.740278 0.250000 0.213889
10 0.626389 0.679167 0.263889 0.236111
