3 0.502778 0.495868 0.283333 0.286501
10 0.084722 0.414601 0.169444 0.179063
10 0.022222 0.095041 0.044444 0.168044
10 0.333333 0.070248 0.183333 0.140496
10 0.547222 0.056474 0.211111 0.112948
10 0.825000 0.112948 0.200000 0.209366
10 0.979167 0.107438 0.041667 0.143251
10 0.886111 0.404959 0.227778 0.303030
10 0.758333 0.629477 0.188889 0.190083
10 0.961111 0.665289 0.077778 0.162534
10 0.959722 0.888430 0.080556 0.201102
10 0.861111 0.969697 0.161111 0.060606
10 0.734722 0.869146 0.169444 0.190083
10 0.511111 0.925620 0.194444 0.148760
10 0.302778 0.954545 0.161111 0.090909
10 0.236111 0.573003 0.177778 0.181818
