3 0.493056 0.517906 0.325000 0.303030
10 0.965278 0.030303 0.069444 0.060606
10 0.873611 0.141873 0.252778 0.234160
10 0.693056 0.086777 0.191667 0.173554
10 0.452778 0.090909 0.300000 0.181818
10 0.336111 0.213499 0.183333 0.190083
10 0.219444 0.060606 0.183333 0.121212
10 0.084722 0.086777 0.169444 0.173554
10 0.105556 0.351240 0.211111 0.305785
10 0.123611 0.586777 0.247222 0.159780
10 0.080556 0.847107 0.161111 0.305785
10 0.225000 0.979339 0.133333 0.041322
10 0.322222 0.756198 0.211111 0.272727
10 0.258333 0.466942 0.277778 0.272727
10 0.415278 0.833333 0.263889 0.283747
10 0.691667 0.876033 0.216667 0.247934
10 0.862500 0.904959 0.180556 0.190083
10 0.956944 0.772727 0.086111 0.250689
10 0.887500 0.658402 0.225000 0.280992
10 0.748611 0.578512 0.219444 0.253444
10 0.775000 0.304408 0.294444 0.212121
10 0.519444 0.268595 0.316667 0.223140
8 0.566667 0.926997 0.077778 0.096419
