3 0.501389 0.553719 0.302778 0.242424
8 0.366667 0.064738 0.077778 0.085399
8 0.283333 0.381543 0.083333 0.101928
10 0.259722 0.524793 0.202778 0.190083
10 0.152778 0.118457 0.205556 0.192837
10 0.015278 0.111570 0.030556 0.140496
10 0.502778 0.168044 0.200000 0.159780
10 0.472222 0.353994 0.194444 0.195592
10 0.702778 0.352617 0.205556 0.220386
10 0.783333 0.110193 0.194444 0.165289
10 0.809722 0.042700 0.191667 0.079890
10 0.934722 0.275482 0.130556 0.192837
10 0.973611 0.537190 0.052778 0.176309
10 0.919444 0.845730 0.161111 0.187328
10 0.781944 0.962810 0.186111 0.074380
10 0.694444 0.873278 0.250000 0.253444
10 0.754167 0.662534 0.197222 0.223140
10 0.461111 0.964187 0.172222 0.071625
