3 0.498611 0.504132 0.269444 0.275482
10 0.081944 0.191460 0.163889 0.245179
10 0.063889 0.017906 0.127778 0.035813
10 0.305556 0.027548 0.194444 0.055096
10 0.288889 0.207989 0.200000 0.212121
10 0.497222 0.155647 0.183333 0.283747
10 0.665278 0.092287 0.180556 0.184573
10 0.858333 0.057851 0.205556 0.115702
10 0.780556 0.458678 0.211111 0.223140
10 0.962500 0.495868 0.075000 0.214876
10 0.918056 0.761708 0.163889 0.217631
10 0.920833 0.954545 0.158333 0.090909
10 0.456944 0.964187 0.186111 0.071625
10 0.240278 0.918733 0.191667 0.162534
10 0.058333 0.925620 0.116667 0.148760
10 0.051389 0.584022 0.102778 0.137741
10 0.045833 0.735537 0.091667 0.165289
10 0.237500 0.694215 0.247222 0.225895
10 0.270833 0.440771 0.197222 0.198347
