3 0.031944 0.575000 0.063889 0.266667
3 0.423611 0.525000 0.263889 0.244444
10 0.090278 0.047222 0.180556 0.094444
10 0.608333 0.073611 0.305556 0.147222
10 0.947222 0.047222 0.105556 0.094444
10 0.955556 0.384722 0.088889 0.213889
10 0.684722 0.344444 0.125000 0.127778
10 0.175000 0.526389 0.216667 0.252778
10 0.322222 0.700000 0.183333 0.211111
10 0.483333 0.758333 0.166667 0.183333
10 0.445833 0.915278 0.141667 0.169444
10 0.705556 0.673611 0.150000 0.252778
10 0.856944 0.726389 0.180556 0.186111
10 0.973611 0.761111 0.052778 0.183333
10 0.897222 0.912500 0.205556 0.175000
10 0.690278 0.944444 0.225000 0.111111
10 0.636111 0.893056 0.188889 0.197222
10 0.240278 0.795833 0.291667 0.186111
10 0.143056 0.950000 0.191667 0.100000
10 0.029167 0.936111 0.058333 0.127778
