3 0.497222 0.495868 0.272222 0.253444
8 0.401389 0.286501 0.069444 0.066116
10 0.105556 0.130854 0.200000 0.217631
10 0.087500 0.344353 0.175000 0.192837
10 0.258333 0.331956 0.194444 0.157025
10 0.338889 0.128099 0.194444 0.179063
10 0.559722 0.052342 0.191667 0.104683
10 0.936111 0.136364 0.127778 0.206612
10 0.752778 0.282369 0.188889 0.201102
10 0.834722 0.329201 0.186111 0.162534
10 0.836111 0.530303 0.222222 0.157025
10 0.993056 0.582645 0.013889 0.068871
10 0.980556 0.838843 0.038889 0.157025
10 0.858333 0.914601 0.161111 0.170799
10 0.790278 0.705234 0.180556 0.198347
10 0.587500 0.921488 0.213889 0.157025
10 0.584722 0.717631 0.163889 0.195592
10 0.323611 0.657025 0.197222 0.195592
10 0.283333 0.855372 0.200000 0.162534
10 0.069444 0.820937 0.138889 0.192837
