3 0.502778 0.501377 0.266667 0.258953
8 0.797222 0.592287 0.050000 0.060606
8 0.469444 0.873278 0.066667 0.066116
10 0.918056 0.882920 0.163889 0.234160
10 0.912500 0.593664 0.175000 0.206612
10 0.781944 0.323691 0.225000 0.206612
10 0.718056 0.371901 0.230556 0.209366
10 0.898611 0.128099 0.202778 0.201102
10 0.591667 0.103306 0.222222 0.190083
10 0.688889 0.011019 0.144444 0.022039
10 0.312500 0.031680 0.191667 0.063361
10 0.109722 0.137741 0.213889 0.242424
10 0.091667 0.387052 0.183333 0.217631
10 0.134722 0.564738 0.230556 0.209366
10 0.277778 0.694215 0.211111 0.231405
10 0.045833 0.528926 0.091667 0.137741
10 0.190278 0.889807 0.225000 0.220386
10 0.573611 0.943526 0.208333 0.112948
10 0.659722 0.836088 0.297222 0.151515
