3 0.495833 0.497245 0.280556 0.278237
10 0.062500 0.961433 0.125000 0.077135
10 0.016667 0.804408 0.033333 0.209366
10 0.055556 0.501377 0.111111 0.253444
10 0.240278 0.506887 0.191667 0.236915
10 0.325000 0.911846 0.205556 0.176309
10 0.718056 0.960055 0.208333 0.079890
10 0.930556 0.979339 0.138889 0.041322
10 0.809722 0.783747 0.230556 0.217631
10 0.588889 0.727273 0.172222 0.203857
10 0.963889 0.731405 0.072222 0.157025
10 0.962500 0.265840 0.075000 0.162534
10 0.961111 0.053719 0.077778 0.107438
10 0.466667 0.234160 0.255556 0.209366
10 0.301389 0.084022 0.186111 0.168044
10 0.093056 0.041322 0.180556 0.082645
10 0.062500 0.232782 0.125000 0.228650
10 0.165278 0.279614 0.286111 0.206612
