3 0.498611 0.497245 0.313889 0.327824
8 0.645833 0.073003 0.102778 0.107438
10 0.970833 0.286501 0.058333 0.181818
10 0.909722 0.093664 0.180556 0.181818
10 0.770833 0.013774 0.125000 0.022039
10 0.933333 0.899449 0.133333 0.201102
10 0.802778 0.619835 0.188889 0.203857
10 0.740278 0.811295 0.219444 0.256198
10 0.516667 0.790634 0.194444 0.198347
10 0.294444 0.873278 0.205556 0.220386
10 0.072222 0.714876 0.144444 0.168044
10 0.105556 0.520661 0.188889 0.159780
10 0.222222 0.220386 0.183333 0.176309
10 0.038889 0.173554 0.077778 0.170799
10 0.468056 0.086777 0.175000 0.162534
