3 0.505556 0.520661 0.322222 0.280992
10 0.697222 0.247934 0.188889 0.209366
10 0.920833 0.219008 0.158333 0.184573
10 0.855556 0.443526 0.211111 0.192837
10 0.702778 0.685950 0.227778 0.269972
10 0.777778 0.917355 0.227778 0.159780
10 0.954167 0.968320 0.091667 0.063361
10 0.384722 0.787879 0.252778 0.214876
10 0.273611 0.247934 0.158333 0.181818
10 0.220833 0.017906 0.163889 0.035813
10 0.052778 0.278237 0.105556 0.170799
10 0.133333 0.972452 0.127778 0.055096
10 0.059722 0.953168 0.108333 0.093664
