3 0.493056 0.500000 0.297222 0.289256
10 0.631944 0.084022 0.230556 0.168044
10 0.119444 0.090909 0.177778 0.181818
10 0.400000 0.217631 0.211111 0.176309
10 0.251389 0.658402 0.202778 0.264463
10 0.068056 0.575758 0.136111 0.242424
10 0.175000 0.944904 0.216667 0.110193
10 0.415278 0.931129 0.202778 0.137741
10 0.433333 0.812672 0.216667 0.154270
10 0.630556 0.984848 0.116667 0.030303
10 0.902778 0.972452 0.194444 0.055096
10 0.940278 0.779614 0.119444 0.209366
10 0.788889 0.593664 0.211111 0.234160
10 0.722222 0.355372 0.183333 0.203857
10 0.813889 0.158402 0.211111 0.217631
10 0.961111 0.223140 0.077778 0.231405
