3 0.504167 0.504132 0.386111 0.314050
8 0.634722 0.805785 0.091667 0.101928
8 0.425000 0.957300 0.077778 0.085399
10 0.622222 0.205234 0.294444 0.267218
10 0.894444 0.256198 0.211111 0.165289
10 0.912500 0.455923 0.175000 0.234160
10 0.941667 0.663912 0.116667 0.209366
10 0.750000 0.714876 0.244444 0.228650
10 0.363889 0.061983 0.233333 0.118457
10 0.597222 0.020661 0.166667 0.041322
10 0.200000 0.315427 0.216667 0.228650
10 0.031944 0.297521 0.063889 0.220386
10 0.326389 0.792011 0.191667 0.393939
10 0.501389 0.798898 0.197222 0.236915
10 0.577778 0.932507 0.250000 0.134986
10 0.836111 0.954545 0.205556 0.090909
10 0.105556 0.892562 0.211111 0.214876
10 0.044444 0.756198 0.088889 0.206612
10 0.151389 0.743802 0.147222 0.192837
