3 0.504167 0.498623 0.302778 0.292011
8 0.195833 0.039945 0.097222 0.079890
10 0.597222 0.121212 0.205556 0.231405
10 0.830556 0.203857 0.216667 0.192837
10 0.986111 0.121212 0.027778 0.104683
10 0.880556 0.819559 0.238889 0.184573
10 0.681944 0.951791 0.197222 0.096419
10 0.427778 0.768595 0.244444 0.209366
10 0.319444 0.944904 0.172222 0.110193
10 0.097222 0.906336 0.194444 0.187328
10 0.090278 0.472452 0.180556 0.195592
10 0.091667 0.257576 0.183333 0.140496
10 0.183333 0.196970 0.222222 0.228650
10 0.361111 0.086777 0.172222 0.173554
