3 0.498611 0.502755 0.302778 0.371901
8 0.229167 0.904959 0.063889 0.041322
10 0.079167 0.253444 0.158333 0.187328
10 0.081944 0.763085 0.163889 0.181818
10 0.348611 0.969697 0.169444 0.060606
10 0.580556 0.986226 0.122222 0.027548
10 0.744444 0.898072 0.205556 0.203857
10 0.911111 0.929752 0.177778 0.140496
10 0.775000 0.570248 0.183333 0.198347
10 0.948611 0.486226 0.102778 0.217631
10 0.930556 0.279614 0.138889 0.179063
10 0.469444 0.183196 0.205556 0.190083
10 0.570833 0.041322 0.180556 0.082645
10 0.009722 0.050964 0.019444 0.101928
