3 0.500000 0.501377 0.211111 0.170799
10 0.345833 0.312672 0.202778 0.239669
10 0.633333 0.100551 0.172222 0.168044
10 0.673611 0.088154 0.180556 0.143251
10 0.875000 0.093664 0.172222 0.154270
10 0.940278 0.100551 0.119444 0.201102
10 0.979167 0.466942 0.041667 0.140496
10 0.908333 0.836088 0.183333 0.162534
10 0.922222 0.936639 0.155556 0.126722
10 0.675000 0.885675 0.222222 0.179063
10 0.734722 0.792011 0.169444 0.168044
10 0.569444 0.702479 0.127778 0.192837
10 0.406944 0.683196 0.208333 0.187328
10 0.355556 0.614325 0.127778 0.121212
10 0.076389 0.672176 0.152778 0.209366
10 0.444444 0.918733 0.177778 0.157025
10 0.431944 0.881543 0.236111 0.154270
