3 0.501389 0.500000 0.247222 0.239669
10 0.194444 0.433884 0.261111 0.239669
10 0.038889 0.702479 0.077778 0.176309
10 0.062500 0.909091 0.125000 0.181818
10 0.219444 0.939394 0.166667 0.121212
10 0.652778 0.949036 0.255556 0.101928
10 0.659722 0.794766 0.208333 0.201102
10 0.883333 0.702479 0.205556 0.225895
10 0.727778 0.582645 0.172222 0.217631
10 0.795833 0.349862 0.191667 0.231405
10 0.959722 0.384298 0.080556 0.300275
10 0.311111 0.258953 0.283333 0.110193
10 0.072222 0.096419 0.144444 0.192837
10 0.259722 0.093664 0.169444 0.187328
10 0.484722 0.044077 0.191667 0.088154
10 0.747222 0.044077 0.161111 0.088154
