3 0.498611 0.500000 0.275000 0.289256
10 0.061111 0.173554 0.122222 0.209366
10 0.101389 0.133609 0.191667 0.179063
10 0.413889 0.056474 0.188889 0.112948
10 0.738889 0.096419 0.227778 0.192837
10 0.584722 0.268595 0.230556 0.179063
10 0.697222 0.315427 0.211111 0.201102
10 0.898611 0.464187 0.202778 0.201102
10 0.908333 0.349862 0.177778 0.126722
10 0.805556 0.723140 0.211111 0.212121
10 0.962500 0.898072 0.075000 0.203857
10 0.991667 0.625344 0.016667 0.082645
10 0.627778 0.958678 0.161111 0.082645
10 0.416667 0.966942 0.200000 0.066116
10 0.497222 0.815427 0.216667 0.220386
10 0.130556 0.942149 0.194444 0.115702
10 0.263889 0.703857 0.244444 0.206612
10 0.097222 0.570248 0.188889 0.220386
