3 0.491667 0.502755 0.300000 0.300275
8 0.176389 0.787879 0.080556 0.082645
10 0.087500 0.949036 0.175000 0.101928
10 0.334722 0.880165 0.252778 0.239669
10 0.572222 0.958678 0.233333 0.082645
10 0.943056 0.742424 0.113889 0.179063
10 0.623611 0.738292 0.213889 0.203857
10 0.070833 0.533058 0.141667 0.190083
10 0.081944 0.294766 0.163889 0.198347
10 0.229167 0.071625 0.213889 0.143251
10 0.544444 0.115702 0.200000 0.198347
10 0.348611 0.245179 0.225000 0.203857
10 0.708333 0.338843 0.200000 0.209366
10 0.900000 0.100551 0.200000 0.201102
