3 0.501389 0.497245 0.269444 0.261708
8 0.969444 0.444904 0.061111 0.068871
8 0.984722 0.943526 0.030556 0.052342
8 0.647222 0.804408 0.094444 0.066116
10 0.105556 0.151515 0.211111 0.187328
10 0.075000 0.016529 0.150000 0.033058
10 0.173611 0.352617 0.269444 0.209366
10 0.026389 0.465565 0.052778 0.143251
10 0.177778 0.575758 0.211111 0.214876
10 0.115278 0.752066 0.175000 0.170799
10 0.051389 0.917355 0.102778 0.165289
10 0.370833 0.772727 0.247222 0.228650
10 0.441667 0.922865 0.211111 0.154270
10 0.777778 0.488981 0.227778 0.217631
10 0.920833 0.586777 0.158333 0.209366
10 0.844444 0.085399 0.155556 0.170799
