3 0.502778 0.494490 0.216667 0.283747
10 0.972222 0.161157 0.055556 0.146006
10 0.986111 0.068871 0.027778 0.132231
10 0.716667 0.089532 0.200000 0.173554
10 0.883333 0.308540 0.233333 0.280992
10 0.691667 0.403581 0.194444 0.195592
10 0.825000 0.579890 0.244444 0.212121
10 0.987500 0.622590 0.025000 0.110193
10 0.943056 0.983471 0.113889 0.033058
10 0.676389 0.988981 0.113889 0.022039
10 0.516667 0.902204 0.222222 0.195592
10 0.648611 0.743802 0.286111 0.297521
10 0.355556 0.743802 0.233333 0.242424
10 0.247222 0.520661 0.238889 0.231405
10 0.408333 0.249311 0.222222 0.206612
10 0.165278 0.312672 0.213889 0.195592
10 0.075000 0.151515 0.150000 0.220386
10 0.029167 0.451791 0.058333 0.170799
10 0.091667 0.757576 0.183333 0.192837
10 0.041667 0.942149 0.083333 0.115702
