3 0.502778 0.502755 0.327778 0.316804
8 0.947222 0.326446 0.094444 0.101928
10 0.708333 0.320937 0.194444 0.190083
10 0.815278 0.336088 0.163889 0.214876
10 0.400000 0.030303 0.183333 0.060606
10 0.156944 0.103306 0.236111 0.206612
10 0.083333 0.151515 0.166667 0.214876
10 0.218056 0.426997 0.197222 0.220386
10 0.155556 0.545455 0.227778 0.225895
10 0.062500 0.564738 0.125000 0.242424
10 0.191667 0.869146 0.233333 0.228650
10 0.306944 0.873278 0.152778 0.203857
10 0.676389 0.845730 0.219444 0.225895
10 0.765278 0.917355 0.197222 0.165289
10 0.701389 0.961433 0.163889 0.077135
10 0.975000 0.980716 0.050000 0.038567
