3 0.498611 0.506887 0.308333 0.336088
10 0.654167 0.060606 0.275000 0.121212
10 0.537500 0.241047 0.319444 0.223140
10 0.293056 0.378788 0.219444 0.239669
10 0.206944 0.101928 0.275000 0.203857
10 0.077778 0.392562 0.155556 0.206612
10 0.120833 0.643251 0.241667 0.272727
10 0.022222 0.860882 0.044444 0.173554
10 0.545833 0.969697 0.186111 0.060606
10 0.729167 0.867769 0.269444 0.264463
10 0.979167 0.940771 0.041667 0.118457
10 0.927778 0.765840 0.144444 0.209366
3 0.838889 0.413223 0.322222 0.462810
8 0.463889 0.103306 0.061111 0.079890
