3 0.506944 0.497245 0.308333 0.344353
8 0.775000 0.804408 0.077778 0.066116
10 0.102778 0.641873 0.205556 0.303030
10 0.156944 0.377410 0.241667 0.264463
10 0.304167 0.198347 0.219444 0.209366
10 0.375000 0.039945 0.222222 0.079890
10 0.055556 0.056474 0.111111 0.096419
10 0.920833 0.084022 0.158333 0.168044
10 0.980556 0.476584 0.038889 0.132231
10 0.636111 0.709366 0.277778 0.217631
10 0.608333 0.909091 0.205556 0.181818
10 0.381944 0.958678 0.202778 0.082645
10 0.126389 0.951791 0.236111 0.096419
