3 0.501389 0.494490 0.358333 0.460055
10 0.916667 0.246556 0.166667 0.190083
10 0.980556 0.089532 0.038889 0.129477
10 0.916667 0.578512 0.166667 0.192837
10 0.988889 0.911846 0.022222 0.132231
10 0.897222 0.798898 0.172222 0.165289
10 0.756944 0.972452 0.158333 0.055096
10 0.534722 0.949036 0.186111 0.101928
10 0.680556 0.787879 0.200000 0.176309
10 0.716667 0.181818 0.188889 0.198347
10 0.687500 0.026171 0.175000 0.046832
10 0.227778 0.064738 0.227778 0.123967
10 0.094444 0.236915 0.166667 0.192837
10 0.036111 0.053719 0.072222 0.107438
10 0.148611 0.506887 0.169444 0.176309
