3 0.500000 0.504132 0.205556 0.286501
10 0.191667 0.915978 0.166667 0.168044
10 0.330556 0.961433 0.150000 0.077135
10 0.159722 0.836088 0.202778 0.162534
10 0.602778 0.964187 0.150000 0.071625
10 0.522222 0.807163 0.188889 0.176309
10 0.519444 0.735537 0.211111 0.143251
10 0.883333 0.720386 0.233333 0.239669
10 0.801389 0.464187 0.197222 0.168044
10 0.701389 0.486226 0.147222 0.190083
10 0.943056 0.409091 0.113889 0.201102
10 0.937500 0.187328 0.125000 0.170799
10 0.369444 0.285124 0.211111 0.223140
10 0.291667 0.581267 0.177778 0.187328
10 0.051389 0.296143 0.102778 0.201102
10 0.245833 0.070248 0.180556 0.140496
10 0.141667 0.055096 0.133333 0.110193
