3 0.501389 0.504132 0.319444 0.358127
10 0.919444 0.061983 0.161111 0.118457
10 0.840278 0.157025 0.319444 0.247934
10 0.923611 0.377410 0.152778 0.303030
10 0.956944 0.685950 0.086111 0.242424
10 0.893056 0.888430 0.213889 0.201102
10 0.595833 0.852617 0.247222 0.261708
10 0.773611 0.589532 0.230556 0.220386
10 0.654167 0.318182 0.219444 0.223140
10 0.565278 0.150138 0.219444 0.195592
10 0.348611 0.168044 0.202778 0.214876
10 0.202778 0.063361 0.250000 0.121212
10 0.079167 0.206612 0.158333 0.214876
10 0.190278 0.377410 0.247222 0.247934
10 0.312500 0.640496 0.258333 0.234160
10 0.300000 0.826446 0.327778 0.181818
10 0.088889 0.603306 0.177778 0.236915
10 0.069444 0.917355 0.138889 0.165289
