3 0.500000 0.498623 0.288889 0.264463
10 0.768056 0.409091 0.191667 0.201102
10 0.588889 0.235537 0.255556 0.234160
10 0.687500 0.024793 0.175000 0.044077
10 0.962500 0.680441 0.075000 0.187328
10 0.902778 0.855372 0.183333 0.134986
10 0.713889 0.800275 0.161111 0.195592
10 0.352778 0.739669 0.244444 0.184573
10 0.259722 0.933884 0.197222 0.132231
10 0.012500 0.615702 0.025000 0.118457
10 0.230556 0.439394 0.200000 0.184573
10 0.061111 0.292011 0.122222 0.198347
10 0.200000 0.184573 0.194444 0.165289
10 0.031944 0.079890 0.063889 0.159780
