3 0.502778 0.504132 0.277778 0.253444
8 0.591667 0.318182 0.061111 0.107438
10 0.052778 0.308540 0.105556 0.198347
10 0.252778 0.312672 0.205556 0.201102
10 0.555556 0.034435 0.200000 0.068871
10 0.525000 0.202479 0.205556 0.201102
10 0.709722 0.322314 0.197222 0.203857
10 0.909722 0.234160 0.180556 0.198347
10 0.966667 0.436639 0.066667 0.184573
10 0.811111 0.528926 0.200000 0.181818
10 0.913889 0.776860 0.172222 0.214876
10 0.936111 0.979339 0.127778 0.041322
10 0.676389 0.982094 0.130556 0.035813
10 0.552778 0.865014 0.194444 0.209366
10 0.380556 0.698347 0.244444 0.162534
10 0.341667 0.946281 0.211111 0.107438
10 0.116667 0.869146 0.205556 0.212121
