3 0.498611 0.501377 0.275000 0.308540
10 0.316667 0.933884 0.194444 0.132231
10 0.620833 0.966942 0.186111 0.066116
10 0.891667 0.942149 0.216667 0.115702
10 0.733333 0.819559 0.194444 0.206612
10 0.494444 0.809917 0.200000 0.214876
10 0.156944 0.820937 0.197222 0.192837
10 0.015278 0.780992 0.030556 0.157025
10 0.218056 0.519284 0.225000 0.228650
10 0.122222 0.319559 0.244444 0.225895
10 0.088889 0.090909 0.177778 0.181818
10 0.359722 0.209366 0.141667 0.220386
10 0.676389 0.172176 0.219444 0.206612
10 0.902778 0.272727 0.194444 0.209366
10 0.768056 0.443526 0.202778 0.209366
