3 0.505556 0.504132 0.300000 0.303030
10 0.206944 0.530303 0.208333 0.212121
10 0.152778 0.614325 0.211111 0.209366
10 0.312500 0.792011 0.213889 0.239669
10 0.908333 0.881543 0.183333 0.203857
10 0.963889 0.657025 0.072222 0.206612
10 0.804167 0.672176 0.219444 0.269972
10 0.765278 0.560606 0.191667 0.228650
10 0.765278 0.403581 0.230556 0.201102
10 0.670833 0.279614 0.241667 0.234160
10 0.734722 0.046832 0.225000 0.093664
10 0.133333 0.073003 0.172222 0.146006
10 0.086111 0.245179 0.172222 0.209366
