4 0.498611 0.497245 0.336111 0.316804
8 0.561111 0.904959 0.083333 0.096419
8 0.147222 0.461433 0.077778 0.090909
10 0.490278 0.123967 0.241667 0.247934
10 0.731944 0.052342 0.225000 0.104683
10 0.773611 0.410468 0.219444 0.236915
10 0.920833 0.479339 0.158333 0.253444
10 0.894444 0.742424 0.211111 0.239669
10 0.745833 0.891185 0.230556 0.217631
10 0.441667 0.774105 0.272222 0.220386
8 0.286111 0.712121 0.066667 0.074380
10 0.065278 0.552342 0.130556 0.217631
10 0.138889 0.906336 0.261111 0.187328
10 0.431944 0.951791 0.263889 0.096419
10 0.908333 0.966942 0.183333 0.066116
