4 0.505556 0.498623 0.300000 0.297521
8 0.383333 0.214876 0.055556 0.060606
10 0.095833 0.336088 0.175000 0.220386
10 0.197222 0.803030 0.222222 0.239669
10 0.680556 0.257576 0.222222 0.234160
10 0.756944 0.696970 0.191667 0.220386
10 0.847222 0.672176 0.222222 0.247934
10 0.976389 0.636364 0.047222 0.242424
10 0.947222 0.358127 0.105556 0.203857
10 0.933333 0.141873 0.133333 0.223140
10 0.875000 0.026171 0.166667 0.052342
10 0.695833 0.033058 0.175000 0.066116
10 0.512500 0.016529 0.169444 0.033058
10 0.501389 0.154270 0.197222 0.231405
10 0.755556 0.460055 0.216667 0.203857
10 0.323611 0.742424 0.230556 0.228650
10 0.043056 0.106061 0.086111 0.212121
10 0.572222 0.896694 0.283333 0.201102
10 0.550000 0.723140 0.238889 0.184573
10 0.265278 0.946281 0.236111 0.107438
