4 0.498611 0.498623 0.286111 0.280992
10 0.763889 0.415978 0.211111 0.198347
10 0.615278 0.885675 0.213889 0.195592
10 0.275000 0.633609 0.183333 0.198347
10 0.212500 0.882920 0.208333 0.195592
10 0.025000 0.939394 0.050000 0.121212
10 0.025000 0.858127 0.050000 0.179063
10 0.477778 0.727273 0.227778 0.198347
10 0.720833 0.626722 0.191667 0.195592
10 0.406944 0.907713 0.175000 0.184573
10 0.888889 0.962810 0.222222 0.074380
10 0.954167 0.533058 0.091667 0.217631
10 0.951389 0.856749 0.097222 0.192837
10 0.920833 0.249311 0.158333 0.239669
10 0.923611 0.057851 0.152778 0.115702
10 0.298611 0.217631 0.225000 0.225895
10 0.509722 0.159780 0.186111 0.214876
10 0.770833 0.128099 0.191667 0.179063
10 0.684722 0.082645 0.186111 0.165289
10 0.143056 0.447658 0.225000 0.212121
10 0.080556 0.614325 0.161111 0.187328
10 0.077778 0.227273 0.155556 0.223140
10 0.169444 0.074380 0.183333 0.148760
8 0.051389 0.407713 0.047222 0.049587
