4 0.493056 0.498623 0.302778 0.303030
10 0.943056 0.267218 0.108333 0.121212
10 0.798611 0.179063 0.213889 0.225895
10 0.925000 0.422865 0.150000 0.234160
10 0.930556 0.914601 0.138889 0.165289
10 0.775000 0.830579 0.205556 0.201102
10 0.713889 0.962810 0.222222 0.074380
10 0.484722 0.946281 0.230556 0.107438
10 0.343056 0.841598 0.230556 0.239669
10 0.122222 0.772727 0.222222 0.239669
10 0.156944 0.526171 0.241667 0.198347
10 0.737500 0.604683 0.236111 0.223140
10 0.750000 0.380165 0.194444 0.275482
10 0.556944 0.224518 0.202778 0.217631
10 0.959722 0.085399 0.080556 0.170799
10 0.297222 0.053719 0.222222 0.107438
10 0.172222 0.053719 0.227778 0.107438
10 0.451389 0.217631 0.225000 0.220386
10 0.109722 0.314050 0.186111 0.198347
10 0.079167 0.223140 0.158333 0.192837
