4 0.501389 0.524793 0.308333 0.338843
10 0.708333 0.209366 0.205556 0.220386
10 0.887500 0.650138 0.225000 0.231405
10 0.904167 0.391185 0.186111 0.242424
10 0.737500 0.451791 0.191667 0.253444
10 0.884722 0.962810 0.230556 0.074380
10 0.501389 0.947658 0.280556 0.104683
10 0.477778 0.794766 0.250000 0.179063
10 0.291667 0.688705 0.233333 0.225895
10 0.286111 0.296143 0.233333 0.223140
10 0.515278 0.192837 0.202778 0.242424
10 0.630556 0.052342 0.233333 0.099174
10 0.334722 0.088154 0.258333 0.176309
10 0.033333 0.301653 0.066667 0.201102
10 0.145833 0.473829 0.258333 0.242424
10 0.088889 0.918733 0.177778 0.162534
10 0.276389 0.971074 0.186111 0.057851
10 0.041667 0.629477 0.083333 0.228650
