4 0.501389 0.498623 0.263889 0.269972
8 0.268056 0.775482 0.069444 0.090909
8 0.023611 0.612948 0.047222 0.063361
8 0.720833 0.966942 0.113889 0.066116
10 0.815278 0.721763 0.269444 0.242424
10 0.779167 0.325069 0.252778 0.242424
10 0.930556 0.486226 0.138889 0.234160
10 0.443056 0.866391 0.247222 0.184573
10 0.251389 0.909091 0.186111 0.170799
10 0.944444 0.926997 0.111111 0.134986
10 0.588889 0.703857 0.205556 0.151515
10 0.420833 0.701102 0.236111 0.168044
10 0.262500 0.579890 0.197222 0.195592
10 0.245833 0.376033 0.202778 0.206612
10 0.081944 0.431129 0.163889 0.195592
10 0.158333 0.579890 0.144444 0.162534
10 0.383333 0.048209 0.200000 0.096419
10 0.081944 0.097796 0.163889 0.190083
