4 0.494444 0.500000 0.377778 0.283747
8 0.508333 0.712121 0.100000 0.090909
8 0.066667 0.731405 0.105556 0.096419
10 0.443056 0.210744 0.247222 0.256198
10 0.702778 0.247934 0.244444 0.236915
10 0.852778 0.553719 0.227778 0.225895
10 0.934722 0.279614 0.130556 0.245179
10 0.216667 0.661157 0.233333 0.236915
10 0.084722 0.440771 0.169444 0.264463
10 0.163889 0.515152 0.255556 0.247934
10 0.725000 0.741047 0.233333 0.242424
10 0.116667 0.882920 0.233333 0.217631
10 0.894444 0.869146 0.211111 0.261708
10 0.227778 0.064738 0.255556 0.129477
10 0.891667 0.074380 0.216667 0.148760
