4 0.497222 0.500000 0.294444 0.278237
8 0.823611 0.152893 0.125000 0.101928
8 0.145833 0.739669 0.091667 0.085399
10 0.208333 0.471074 0.222222 0.225895
10 0.543056 0.168044 0.225000 0.214876
10 0.873611 0.347107 0.252778 0.225895
10 0.775000 0.823691 0.233333 0.225895
10 0.544444 0.797521 0.183333 0.184573
10 0.337500 0.707989 0.208333 0.209366
10 0.301389 0.092287 0.225000 0.173554
10 0.079167 0.071625 0.158333 0.143251
10 0.034722 0.297521 0.069444 0.198347
10 0.058333 0.588154 0.116667 0.206612
10 0.056944 0.904959 0.113889 0.190083
