4 0.501389 0.513774 0.297222 0.382920
8 0.826389 0.331956 0.097222 0.085399
8 0.363889 0.213499 0.094444 0.090909
10 0.537500 0.128099 0.202778 0.217631
10 0.790278 0.475207 0.208333 0.217631
10 0.952778 0.438017 0.094444 0.203857
10 0.891667 0.814050 0.194444 0.228650
10 0.706944 0.688705 0.225000 0.253444
10 0.552778 0.944904 0.200000 0.110193
10 0.906944 0.965565 0.186111 0.068871
10 0.341667 0.848485 0.216667 0.192837
10 0.297222 0.681818 0.211111 0.212121
10 0.211111 0.320937 0.222222 0.234160
10 0.200000 0.090909 0.227778 0.176309
10 0.737500 0.037190 0.247222 0.074380
10 0.095833 0.749311 0.191667 0.231405
10 0.161111 0.928375 0.233333 0.143251
