4 0.505556 0.502755 0.327778 0.366391
8 0.498611 0.128099 0.091667 0.107438
10 0.862500 0.564738 0.213889 0.225895
10 0.891667 0.790634 0.216667 0.214876
10 0.669444 0.829201 0.205556 0.198347
10 0.665278 0.898072 0.191667 0.203857
10 0.472222 0.900826 0.194444 0.198347
10 0.237500 0.962810 0.186111 0.074380
10 0.236111 0.808540 0.183333 0.195592
10 0.069444 0.749311 0.138889 0.187328
10 0.104167 0.568871 0.208333 0.201102
10 0.229167 0.421488 0.219444 0.231405
10 0.248611 0.165289 0.225000 0.214876
10 0.766667 0.380165 0.216667 0.209366
10 0.930556 0.166667 0.138889 0.223140
10 0.733333 0.187328 0.200000 0.214876
10 0.683333 0.099174 0.188889 0.198347
10 0.480556 0.049587 0.177778 0.099174
10 0.059722 0.378788 0.119444 0.212121
