4 0.508333 0.501377 0.311111 0.258953
10 0.345833 0.196970 0.197222 0.190083
10 0.115278 0.099174 0.197222 0.198347
10 0.112500 0.359504 0.225000 0.212121
10 0.234722 0.568871 0.219444 0.239669
10 0.059722 0.654270 0.119444 0.217631
10 0.358333 0.903581 0.205556 0.192837
10 0.616667 0.939394 0.216667 0.121212
10 0.913889 0.860882 0.172222 0.228650
10 0.708333 0.782369 0.194444 0.203857
10 0.481944 0.736915 0.219444 0.195592
10 0.787500 0.460055 0.230556 0.231405
10 0.940278 0.637741 0.119444 0.201102
10 0.929167 0.205234 0.141667 0.223140
10 0.727778 0.231405 0.222222 0.209366
10 0.163889 0.951791 0.161111 0.096419
