4 0.495833 0.500000 0.308333 0.333333
10 0.797222 0.687328 0.227778 0.212121
10 0.808333 0.946281 0.233333 0.107438
10 0.938889 0.148760 0.122222 0.214876
10 0.836111 0.323691 0.216667 0.212121
10 0.676389 0.093664 0.213889 0.187328
10 0.472222 0.106061 0.205556 0.212121
10 0.388889 0.213499 0.238889 0.212121
10 0.608333 0.279614 0.211111 0.201102
10 0.577778 0.816804 0.211111 0.212121
10 0.372222 0.750689 0.222222 0.239669
10 0.248611 0.511019 0.213889 0.245179
10 0.134722 0.276860 0.225000 0.212121
10 0.056944 0.271350 0.113889 0.223140
10 0.070833 0.495868 0.141667 0.198347
10 0.087500 0.714876 0.175000 0.223140
10 0.138889 0.866391 0.250000 0.239669
10 0.244444 0.887052 0.205556 0.214876
10 0.427778 0.950413 0.200000 0.099174
10 0.651389 0.949036 0.252778 0.101928
