4 0.501389 0.502755 0.297222 0.311295
8 0.797222 0.140496 0.083333 0.077135
10 0.759722 0.290634 0.208333 0.212121
10 0.901389 0.318182 0.191667 0.206612
10 0.950000 0.093664 0.100000 0.187328
10 0.937500 0.823691 0.125000 0.264463
10 0.816667 0.938017 0.216667 0.123967
10 0.613889 0.837466 0.227778 0.220386
10 0.711111 0.646006 0.244444 0.212121
10 0.819444 0.500000 0.250000 0.212121
10 0.288889 0.661157 0.200000 0.225895
10 0.454167 0.213499 0.230556 0.212121
10 0.593056 0.070248 0.213889 0.140496
10 0.715278 0.049587 0.230556 0.088154
10 0.220833 0.061983 0.225000 0.123967
10 0.186111 0.252066 0.227778 0.217631
10 0.262500 0.365014 0.225000 0.212121
10 0.106944 0.504132 0.213889 0.225895
10 0.029167 0.599174 0.058333 0.173554
10 0.233333 0.887052 0.211111 0.198347
10 0.115278 0.910468 0.230556 0.179063
10 0.463889 0.871901 0.216667 0.239669
