4 0.502778 0.455923 0.350000 0.482094
10 0.883333 0.801653 0.227778 0.225895
10 0.879167 0.578512 0.236111 0.214876
10 0.629167 0.790634 0.225000 0.203857
10 0.175000 0.957300 0.200000 0.085399
10 0.079167 0.819559 0.158333 0.223140
10 0.086111 0.527548 0.172222 0.212121
10 0.043056 0.309917 0.086111 0.234160
10 0.200000 0.320937 0.200000 0.212121
10 0.281944 0.092287 0.197222 0.184573
10 0.501389 0.085399 0.219444 0.170799
10 0.655556 0.232782 0.227778 0.228650
10 0.759722 0.371901 0.208333 0.209366
10 0.893056 0.214876 0.213889 0.187328
10 0.959722 0.293388 0.080556 0.201102
