4 0.500000 0.502755 0.261111 0.261708
10 0.718056 0.272727 0.230556 0.203857
10 0.854167 0.450413 0.180556 0.201102
10 0.768056 0.636364 0.230556 0.220386
10 0.788889 0.858127 0.272222 0.201102
10 0.548611 0.902204 0.247222 0.195592
10 0.402778 0.964187 0.233333 0.071625
10 0.108333 0.863636 0.200000 0.250689
10 0.162500 0.727273 0.225000 0.264463
10 0.409722 0.741047 0.236111 0.247934
10 0.208333 0.461433 0.233333 0.256198
10 0.381944 0.181818 0.236111 0.220386
10 0.709722 0.071625 0.230556 0.143251
10 0.123611 0.216253 0.219444 0.261708
10 0.050000 0.068871 0.100000 0.132231
