4 0.505556 0.501377 0.283333 0.280992
10 0.912500 0.615702 0.175000 0.217631
10 0.294444 0.691460 0.250000 0.231405
10 0.569444 0.801653 0.233333 0.225895
10 0.819444 0.885675 0.266667 0.223140
10 0.505556 0.951791 0.238889 0.096419
10 0.093056 0.822314 0.186111 0.223140
10 0.143056 0.538567 0.225000 0.234160
10 0.091667 0.428375 0.183333 0.217631
10 0.068056 0.196970 0.136111 0.250689
10 0.394444 0.276860 0.261111 0.250689
10 0.265278 0.202479 0.247222 0.234160
10 0.618056 0.163912 0.191667 0.239669
10 0.781944 0.188705 0.213889 0.234160
10 0.905556 0.286501 0.188889 0.231405
