4 0.501389 0.498623 0.319444 0.297521
10 0.898611 0.589532 0.202778 0.258953
10 0.644444 0.867769 0.222222 0.225895
10 0.479167 0.865014 0.208333 0.209366
10 0.912500 0.296143 0.175000 0.184573
10 0.866667 0.213499 0.205556 0.239669
10 0.780556 0.064738 0.194444 0.129477
10 0.584722 0.079890 0.219444 0.159780
10 0.402778 0.227273 0.227778 0.184573
10 0.268056 0.377410 0.197222 0.198347
10 0.125000 0.217631 0.188889 0.209366
10 0.220833 0.279614 0.241667 0.234160
10 0.306944 0.670799 0.208333 0.212121
10 0.252778 0.935262 0.261111 0.129477
10 0.190278 0.910468 0.219444 0.168044
10 0.413889 0.763085 0.233333 0.220386
10 0.255556 0.081267 0.227778 0.162534
10 0.066667 0.060606 0.133333 0.121212
