4 0.498611 0.497245 0.375000 0.272727
10 0.845833 0.473829 0.219444 0.242424
10 0.843056 0.709366 0.191667 0.206612
10 0.845833 0.130854 0.225000 0.239669
10 0.709722 0.293388 0.213889 0.206612
10 0.965278 0.798898 0.069444 0.231405
10 0.650000 0.679063 0.194444 0.212121
10 0.408333 0.768595 0.227778 0.214876
10 0.169444 0.615702 0.211111 0.245179
10 0.247222 0.387052 0.227778 0.234160
10 0.065278 0.425620 0.130556 0.217631
10 0.063889 0.174931 0.127778 0.245179
10 0.320833 0.173554 0.219444 0.220386
10 0.219444 0.099174 0.200000 0.181818
10 0.390278 0.035813 0.197222 0.071625
10 0.365278 0.942149 0.230556 0.115702
10 0.137500 0.971074 0.197222 0.057851
10 0.029167 0.636364 0.058333 0.176309
