4 0.504167 0.501377 0.297222 0.319559
10 0.933333 0.404959 0.133333 0.214876
10 0.944444 0.185950 0.111111 0.212121
10 0.845833 0.793388 0.197222 0.209366
10 0.636111 0.842975 0.200000 0.203857
10 0.477778 0.940771 0.244444 0.118457
10 0.101389 0.816804 0.202778 0.234160
10 0.283333 0.651515 0.227778 0.217631
10 0.509722 0.769972 0.269444 0.201102
10 0.268056 0.393939 0.213889 0.225895
10 0.072222 0.429752 0.144444 0.209366
10 0.087500 0.090909 0.175000 0.181818
10 0.431944 0.227273 0.213889 0.239669
10 0.800000 0.286501 0.205556 0.214876
10 0.794444 0.053719 0.222222 0.107438
10 0.630556 0.157025 0.205556 0.209366
10 0.888889 0.964187 0.155556 0.071625
