4 0.505556 0.515152 0.288889 0.269972
10 0.806944 0.367769 0.269444 0.195592
10 0.415278 0.122590 0.202778 0.195592
10 0.693056 0.037190 0.225000 0.074380
10 0.913889 0.075758 0.172222 0.151515
10 0.884722 0.800275 0.230556 0.234160
10 0.770833 0.961433 0.236111 0.077135
10 0.616667 0.870523 0.233333 0.220386
10 0.665278 0.734160 0.230556 0.245179
10 0.388889 0.939394 0.238889 0.121212
10 0.216667 0.965565 0.227778 0.068871
10 0.150000 0.877410 0.155556 0.168044
10 0.094444 0.663912 0.188889 0.203857
10 0.236111 0.673554 0.244444 0.239669
10 0.102778 0.425620 0.205556 0.228650
10 0.320833 0.309917 0.247222 0.223140
10 0.094444 0.196970 0.188889 0.212121
10 0.222222 0.041322 0.227778 0.082645
