4 0.525000 0.513774 0.394444 0.322314
10 0.926389 0.365014 0.147222 0.212121
10 0.861111 0.115702 0.227778 0.220386
10 0.731944 0.331956 0.219444 0.250689
10 0.876389 0.760331 0.213889 0.247934
10 0.854167 0.932507 0.241667 0.134986
10 0.648611 0.752066 0.213889 0.209366
10 0.412500 0.900826 0.191667 0.192837
10 0.295833 0.712121 0.213889 0.206612
10 0.094444 0.812672 0.188889 0.220386
10 0.215278 0.947658 0.208333 0.104683
10 0.284722 0.347107 0.219444 0.253444
10 0.079167 0.303030 0.158333 0.225895
10 0.281944 0.104683 0.241667 0.198347
10 0.552778 0.225895 0.211111 0.203857
10 0.519444 0.053719 0.222222 0.107438
