4 0.501389 0.501377 0.347222 0.347107
10 0.783333 0.563361 0.205556 0.223140
10 0.954167 0.705234 0.091667 0.220386
10 0.913889 0.900826 0.172222 0.198347
10 0.725000 0.917355 0.216667 0.165289
10 0.531944 0.964187 0.197222 0.071625
10 0.530556 0.814050 0.194444 0.206612
10 0.338889 0.900826 0.211111 0.198347
10 0.141667 0.947658 0.200000 0.104683
10 0.066667 0.736915 0.133333 0.234160
10 0.240278 0.657025 0.225000 0.234160
10 0.131944 0.433884 0.236111 0.228650
10 0.191667 0.214876 0.250000 0.209366
10 0.356944 0.075758 0.230556 0.146006
10 0.579167 0.125344 0.219444 0.223140
10 0.919444 0.106061 0.161111 0.212121
10 0.911111 0.393939 0.177778 0.192837
10 0.940278 0.477961 0.119444 0.212121
10 0.766667 0.246556 0.227778 0.217631
10 0.526389 0.336088 0.236111 0.203857
