4 0.504167 0.498623 0.325000 0.303030
10 0.905556 0.399449 0.188889 0.209366
10 0.945833 0.214876 0.108333 0.209366
10 0.925000 0.052342 0.150000 0.104683
10 0.940278 0.625344 0.119444 0.209366
10 0.958333 0.955923 0.083333 0.088154
10 0.779167 0.954545 0.225000 0.090909
10 0.762500 0.668044 0.197222 0.250689
10 0.731944 0.194215 0.186111 0.212121
10 0.543056 0.749311 0.241667 0.253444
10 0.243056 0.880165 0.219444 0.206612
10 0.054167 0.753444 0.108333 0.190083
10 0.233333 0.552342 0.183333 0.217631
10 0.052778 0.227273 0.105556 0.239669
10 0.113889 0.063361 0.194444 0.126722
10 0.350000 0.118457 0.222222 0.236915
10 0.222222 0.290634 0.216667 0.234160
10 0.504167 0.252066 0.241667 0.190083
