4 0.500000 0.502755 0.261111 0.245179
10 0.734722 0.564738 0.213889 0.214876
10 0.759722 0.362259 0.213889 0.190083
10 0.844444 0.179063 0.233333 0.181818
10 0.961111 0.088154 0.077778 0.170799
10 0.862500 0.037190 0.202778 0.074380
10 0.630556 0.067493 0.222222 0.134986
10 0.412500 0.037190 0.202778 0.074380
10 0.065278 0.205234 0.130556 0.206612
10 0.026389 0.316804 0.052778 0.209366
10 0.122222 0.820937 0.200000 0.198347
10 0.106944 0.710744 0.213889 0.203857
10 0.368056 0.763085 0.208333 0.203857
10 0.270833 0.557851 0.197222 0.212121
10 0.323611 0.349862 0.219444 0.203857
10 0.130556 0.429752 0.216667 0.181818
10 0.613889 0.807163 0.211111 0.231405
10 0.909722 0.829201 0.180556 0.225895
10 0.784722 0.955923 0.197222 0.088154
10 0.427778 0.951791 0.227778 0.096419
10 0.937500 0.696970 0.125000 0.231405
