4 0.495833 0.501377 0.269444 0.269972
8 0.347222 0.626722 0.094444 0.085399
10 0.752778 0.497245 0.244444 0.256198
10 0.826389 0.249311 0.225000 0.261708
10 0.725000 0.078512 0.205556 0.157025
10 0.490278 0.081267 0.247222 0.162534
10 0.098611 0.169421 0.197222 0.234160
10 0.075000 0.716253 0.150000 0.242424
10 0.206944 0.878788 0.252778 0.236915
10 0.188889 0.654270 0.216667 0.228650
10 0.500000 0.724518 0.294444 0.236915
10 0.755556 0.734160 0.211111 0.223140
10 0.690278 0.925620 0.241667 0.148760
10 0.443056 0.907713 0.219444 0.184573
