4 0.494536 0.493225 0.245902 0.271003
10 0.875683 0.327913 0.215847 0.233062
10 0.882514 0.100271 0.234973 0.200542
10 0.545082 0.192412 0.265027 0.249322
10 0.575137 0.073171 0.232240 0.146341
10 0.356557 0.056911 0.204918 0.113821
10 0.204918 0.139566 0.224044 0.219512
10 0.282787 0.386179 0.215847 0.219512
10 0.155738 0.367209 0.191257 0.214092
10 0.774590 0.644986 0.221311 0.222222
10 0.811475 0.544715 0.245902 0.233062
10 0.911202 0.794038 0.177596 0.222222
10 0.620219 0.850949 0.213115 0.211382
10 0.415301 0.739837 0.251366 0.195122
10 0.368852 0.651762 0.213115 0.176152
10 0.185792 0.806233 0.251366 0.224932
10 0.039617 0.872629 0.079235 0.205962
10 0.165301 0.585366 0.226776 0.211382
