4 0.504167 0.512397 0.308333 0.269972
8 0.915278 0.106061 0.108333 0.079890
10 0.852778 0.243802 0.222222 0.223140
10 0.772222 0.411846 0.205556 0.206612
10 0.695833 0.669421 0.225000 0.209366
10 0.948611 0.670799 0.102778 0.239669
10 0.950000 0.924242 0.100000 0.151515
10 0.426389 0.903581 0.241667 0.192837
10 0.141667 0.931129 0.222222 0.137741
10 0.038889 0.756198 0.077778 0.228650
10 0.066667 0.370523 0.133333 0.206612
10 0.120833 0.067493 0.241667 0.134986
10 0.379167 0.064738 0.230556 0.129477
10 0.425000 0.228650 0.227778 0.209366
10 0.191667 0.505510 0.227778 0.250689
10 0.244444 0.636364 0.233333 0.231405
10 0.400000 0.699725 0.238889 0.203857
