4 0.495902 0.476965 0.275956 0.298103
10 0.923497 0.509485 0.153005 0.184282
10 0.915301 0.604336 0.169399 0.168022
10 0.778689 0.315718 0.251366 0.219512
10 0.909836 0.088076 0.180328 0.176152
10 0.715847 0.071816 0.218579 0.143631
10 0.579235 0.192412 0.229508 0.227642
10 0.446721 0.063686 0.199454 0.127371
10 0.157104 0.201897 0.226776 0.219512
10 0.248634 0.212737 0.196721 0.235772
10 0.262295 0.563686 0.229508 0.233062
10 0.121585 0.428184 0.221311 0.222222
10 0.556011 0.747967 0.226776 0.222222
10 0.818306 0.792683 0.221311 0.224932
10 0.893443 0.803523 0.185792 0.192412
10 0.624317 0.957995 0.232240 0.084011
10 0.329235 0.939024 0.226776 0.121951
10 0.260929 0.795393 0.204918 0.219512
10 0.143443 0.892954 0.199454 0.197832
10 0.072404 0.891599 0.144809 0.216802
