4 0.502778 0.519284 0.283333 0.388430
10 0.813889 0.531680 0.211111 0.203857
10 0.711111 0.798898 0.233333 0.209366
10 0.744444 0.892562 0.216667 0.209366
10 0.905556 0.903581 0.188889 0.192837
10 0.931944 0.680441 0.130556 0.187328
10 0.865278 0.213499 0.208333 0.212121
10 0.938889 0.458678 0.122222 0.212121
10 0.643056 0.158402 0.225000 0.212121
10 0.597222 0.096419 0.205556 0.192837
10 0.833333 0.013774 0.127778 0.027548
10 0.223611 0.155647 0.191667 0.201102
10 0.187500 0.307163 0.225000 0.217631
10 0.305556 0.359504 0.244444 0.212121
10 0.415278 0.191460 0.191667 0.201102
10 0.129167 0.582645 0.208333 0.250689
10 0.238889 0.629477 0.205556 0.234160
10 0.406944 0.793388 0.202778 0.247934
10 0.463889 0.957300 0.216667 0.085399
10 0.209722 0.884298 0.230556 0.203857
10 0.065278 0.779614 0.130556 0.236915
10 0.033333 0.093664 0.066667 0.181818
10 0.187500 0.028926 0.236111 0.057851
