4 0.500000 0.500000 0.316667 0.305785
10 0.816667 0.696970 0.188889 0.181818
10 0.906944 0.303030 0.186111 0.225895
10 0.743056 0.356749 0.252778 0.239669
10 0.961111 0.758953 0.077778 0.206612
10 0.909722 0.936639 0.180556 0.126722
10 0.694444 0.929752 0.227778 0.140496
10 0.461111 0.760331 0.238889 0.198347
10 0.383333 0.902204 0.211111 0.195592
10 0.162500 0.867769 0.225000 0.225895
10 0.183333 0.621212 0.222222 0.217631
10 0.043056 0.429752 0.086111 0.209366
10 0.054167 0.223140 0.108333 0.203857
10 0.115278 0.035813 0.230556 0.071625
10 0.376389 0.050964 0.219444 0.101928
10 0.905556 0.095041 0.188889 0.190083
10 0.372222 0.225895 0.233333 0.220386
10 0.206944 0.358127 0.241667 0.231405
