4 0.501389 0.501377 0.347222 0.352617
10 0.888889 0.217631 0.222222 0.203857
10 0.856944 0.073003 0.258333 0.146006
10 0.926389 0.399449 0.147222 0.214876
10 0.856944 0.586777 0.252778 0.242424
10 0.462500 0.106061 0.219444 0.212121
10 0.266667 0.210744 0.211111 0.217631
10 0.122222 0.409091 0.227778 0.234160
10 0.059722 0.608815 0.119444 0.242424
10 0.212500 0.661157 0.213889 0.225895
10 0.340278 0.838843 0.208333 0.228650
10 0.515278 0.774105 0.236111 0.236915
10 0.727778 0.760331 0.222222 0.247934
10 0.511111 0.947658 0.250000 0.104683
