4 0.502778 0.520661 0.322222 0.336088
8 0.797222 0.395317 0.094444 0.085399
8 0.919444 0.767218 0.105556 0.096419
8 0.350000 0.378788 0.066667 0.085399
10 0.952778 0.516529 0.094444 0.217631
10 0.891667 0.081267 0.216667 0.162534
10 0.820833 0.727273 0.197222 0.258953
10 0.770833 0.511019 0.225000 0.212121
10 0.597222 0.758953 0.233333 0.239669
10 0.325000 0.714876 0.238889 0.217631
10 0.202778 0.534435 0.272222 0.236915
10 0.204167 0.866391 0.225000 0.239669
10 0.105556 0.336088 0.211111 0.214876
10 0.201389 0.092287 0.241667 0.184573
10 0.493056 0.243802 0.241667 0.190083
10 0.466667 0.064738 0.211111 0.129477
