4 0.500000 0.509642 0.288889 0.280992
8 0.869444 0.500000 0.111111 0.085399
10 0.925000 0.384298 0.150000 0.283747
10 0.755556 0.559229 0.294444 0.242424
10 0.873611 0.703857 0.247222 0.190083
10 0.723611 0.819559 0.258333 0.184573
10 0.459722 0.761708 0.225000 0.212121
10 0.059722 0.338843 0.119444 0.220386
10 0.045833 0.785124 0.091667 0.209366
10 0.056944 0.137741 0.113889 0.181818
10 0.455556 0.053719 0.216667 0.107438
10 0.686111 0.082645 0.188889 0.165289
10 0.802778 0.943526 0.250000 0.112948
10 0.651389 0.944904 0.230556 0.110193
10 0.925000 0.944904 0.144444 0.110193
