4 0.501389 0.497245 0.291667 0.283747
8 0.652778 0.962810 0.083333 0.074380
10 0.901389 0.706612 0.191667 0.234160
10 0.862500 0.769972 0.197222 0.201102
10 0.954167 0.451791 0.091667 0.165289
10 0.866667 0.296143 0.205556 0.201102
10 0.836111 0.100551 0.200000 0.190083
10 0.650000 0.297521 0.211111 0.198347
10 0.809722 0.487603 0.213889 0.203857
10 0.713889 0.657025 0.194444 0.206612
10 0.573611 0.819559 0.225000 0.217631
10 0.480556 0.794766 0.127778 0.190083
10 0.255556 0.695592 0.211111 0.212121
10 0.072222 0.666667 0.144444 0.192837
10 0.115278 0.853994 0.186111 0.181818
10 0.113889 0.286501 0.227778 0.258953
10 0.129167 0.195592 0.197222 0.209366
10 0.397222 0.151515 0.322222 0.264463
10 0.348611 0.320937 0.197222 0.234160
10 0.231944 0.355372 0.191667 0.192837
