4 0.493056 0.497245 0.319444 0.256198
10 0.776389 0.458678 0.186111 0.234160
10 0.909722 0.283747 0.180556 0.209366
8 0.398611 0.887052 0.080556 0.066116
8 0.123611 0.508264 0.119444 0.112948
8 0.334722 0.943526 0.086111 0.074380
10 0.670833 0.683196 0.213889 0.225895
10 0.891667 0.871901 0.216667 0.206612
10 0.773611 0.863636 0.247222 0.234160
10 0.530556 0.931129 0.238889 0.137741
10 0.188889 0.670799 0.244444 0.201102
10 0.266667 0.574380 0.205556 0.245179
10 0.194444 0.893939 0.216667 0.212121
10 0.094444 0.893939 0.188889 0.212121
10 0.347222 0.239669 0.222222 0.225895
10 0.630556 0.257576 0.227778 0.223140
10 0.815278 0.086777 0.230556 0.173554
10 0.554167 0.055096 0.208333 0.110193
10 0.298611 0.044077 0.208333 0.088154
10 0.144444 0.129477 0.205556 0.198347
10 0.088889 0.325069 0.172222 0.225895
10 0.029167 0.709366 0.058333 0.190083
10 0.029167 0.506887 0.058333 0.192837
