4 0.494444 0.549587 0.272222 0.267218
10 0.873611 0.355372 0.236111 0.231405
10 0.961111 0.511019 0.077778 0.223140
10 0.818056 0.672176 0.280556 0.275482
10 0.704167 0.756198 0.280556 0.283747
10 0.872222 0.892562 0.244444 0.209366
10 0.656944 0.953168 0.236111 0.093664
10 0.281944 0.780992 0.247222 0.212121
10 0.102778 0.900826 0.205556 0.198347
10 0.065278 0.648760 0.130556 0.250689
10 0.083333 0.387052 0.166667 0.239669
10 0.145833 0.213499 0.225000 0.239669
10 0.383333 0.118457 0.238889 0.209366
10 0.568056 0.037190 0.202778 0.074380
10 0.823611 0.055096 0.247222 0.104683
