4 0.497222 0.500000 0.283333 0.294766
8 0.776389 0.641873 0.108333 0.104683
10 0.933333 0.293388 0.133333 0.201102
10 0.868056 0.046832 0.225000 0.093664
10 0.715278 0.163912 0.197222 0.195592
10 0.608333 0.044077 0.172222 0.088154
10 0.394444 0.082645 0.216667 0.165289
10 0.408333 0.202479 0.227778 0.217631
10 0.181944 0.170799 0.252778 0.192837
10 0.219444 0.391185 0.211111 0.203857
10 0.063889 0.604683 0.127778 0.223140
10 0.056944 0.756198 0.113889 0.256198
10 0.262500 0.747934 0.241667 0.261708
10 0.413889 0.931129 0.216667 0.137741
10 0.511111 0.757576 0.238889 0.214876
10 0.744444 0.778237 0.216667 0.195592
10 0.958333 0.662534 0.083333 0.212121
10 0.911111 0.896694 0.177778 0.206612
10 0.718056 0.932507 0.230556 0.134986
