4 0.509722 0.501377 0.352778 0.280992
10 0.397222 0.123967 0.216667 0.225895
10 0.213889 0.071625 0.211111 0.143251
10 0.631944 0.263085 0.208333 0.206612
10 0.937500 0.537190 0.125000 0.264463
10 0.815278 0.926997 0.219444 0.146006
10 0.566667 0.903581 0.222222 0.192837
10 0.358333 0.763085 0.227778 0.225895
10 0.313889 0.647383 0.205556 0.225895
10 0.155556 0.520661 0.211111 0.209366
10 0.136111 0.749311 0.227778 0.242424
10 0.052778 0.409091 0.105556 0.195592
10 0.952778 0.885675 0.094444 0.201102
10 0.848611 0.235537 0.225000 0.223140
10 0.868056 0.144628 0.197222 0.190083
10 0.720833 0.067493 0.208333 0.134986
10 0.923611 0.039945 0.152778 0.079890
10 0.568056 0.958678 0.186111 0.082645
