8 0.581944 0.071625 0.069444 0.066116
8 0.700000 0.461433 0.050000 0.063361
10 0.409722 0.022039 0.197222 0.044077
10 0.848611 0.100551 0.213889 0.179063
10 0.616667 0.195592 0.211111 0.187328
10 0.806944 0.309917 0.197222 0.179063
10 0.966667 0.316804 0.066667 0.154270
10 0.137500 0.381543 0.275000 0.261708
10 0.076389 0.761708 0.152778 0.212121
10 0.115278 0.949036 0.197222 0.101928
10 0.337500 0.898072 0.225000 0.203857
10 0.547222 0.947658 0.183333 0.104683
10 0.793056 0.921488 0.225000 0.157025
10 0.969444 0.928375 0.061111 0.143251
10 0.900000 0.747934 0.200000 0.184573
10 0.954167 0.538567 0.091667 0.190083
10 0.793056 0.508264 0.163889 0.184573
10 0.729167 0.623967 0.180556 0.217631
10 0.527778 0.772727 0.294444 0.206612
5 0.486111 0.508264 0.388889 0.404959
