5 0.502778 0.501377 0.416667 0.407713
8 0.906944 0.615702 0.186111 0.289256
10 0.895833 0.205234 0.208333 0.184573
10 0.197222 0.118457 0.300000 0.159780
10 0.369444 0.067493 0.333333 0.134986
10 0.744444 0.075758 0.250000 0.151515
10 0.920833 0.055096 0.158333 0.110193
10 0.216667 0.367769 0.233333 0.272727
10 0.079167 0.555096 0.158333 0.223140
10 0.255556 0.614325 0.200000 0.198347
10 0.102778 0.814050 0.205556 0.223140
10 0.265278 0.939394 0.241667 0.121212
10 0.537500 0.760331 0.230556 0.187328
10 0.605556 0.902204 0.266667 0.195592
10 0.891667 0.911846 0.216667 0.176309
10 0.972222 0.825069 0.055556 0.190083
10 0.743056 0.688705 0.180556 0.181818
10 0.748611 0.544077 0.130556 0.223140
8 0.918056 0.778237 0.075000 0.112948
8 0.027778 0.712121 0.055556 0.090909
