5 0.498611 0.497245 0.413889 0.647383
8 0.169444 0.314050 0.094444 0.077135
8 0.741667 0.833333 0.066667 0.107438
10 0.095833 0.100551 0.191667 0.201102
10 0.080556 0.199725 0.161111 0.261708
10 0.366667 0.097796 0.233333 0.195592
10 0.070833 0.461433 0.141667 0.267218
10 0.230556 0.439394 0.188889 0.206612
10 0.113889 0.707989 0.227778 0.187328
10 0.083333 0.909091 0.166667 0.181818
10 0.276389 0.964187 0.258333 0.071625
10 0.351389 0.859504 0.236111 0.198347
10 0.562500 0.944904 0.275000 0.110193
10 0.626389 0.790634 0.230556 0.192837
10 0.894444 0.724518 0.211111 0.247934
10 0.895833 0.884298 0.208333 0.231405
10 0.919444 0.315427 0.161111 0.223140
10 0.743056 0.219008 0.208333 0.267218
10 0.909722 0.090909 0.180556 0.181818
