5 0.500000 0.508264 0.366667 0.355372
8 0.033333 0.088154 0.066667 0.093664
8 0.895833 0.194215 0.102778 0.090909
10 0.148611 0.030303 0.197222 0.060606
10 0.159722 0.103306 0.213889 0.134986
10 0.156944 0.264463 0.191667 0.209366
10 0.413889 0.964187 0.261111 0.071625
10 0.311111 0.920110 0.266667 0.159780
10 0.531944 0.913223 0.225000 0.173554
10 0.719444 0.252066 0.194444 0.184573
10 0.805556 0.110193 0.183333 0.165289
10 0.890278 0.070248 0.197222 0.140496
10 0.975000 0.190083 0.050000 0.165289
