5 0.508333 0.508264 0.361111 0.355372
8 0.466667 0.977961 0.122222 0.044077
8 0.944444 0.329201 0.044444 0.063361
10 0.109722 0.041322 0.180556 0.082645
10 0.023611 0.137741 0.047222 0.170799
10 0.745833 0.067493 0.180556 0.134986
10 0.944444 0.088154 0.111111 0.170799
10 0.923611 0.552342 0.152778 0.173554
10 0.855556 0.672176 0.183333 0.176309
10 0.987500 0.792011 0.025000 0.134986
10 0.668056 0.931129 0.213889 0.137741
10 0.551389 0.874656 0.275000 0.157025
10 0.531944 0.783747 0.197222 0.195592
10 0.338889 0.705234 0.216667 0.214876
10 0.279167 0.907713 0.191667 0.184573
10 0.215278 0.976584 0.191667 0.046832
10 0.077778 0.822314 0.155556 0.173554
10 0.076389 0.618457 0.152778 0.184573
10 0.205556 0.494490 0.227778 0.195592
10 0.095833 0.320937 0.191667 0.212121
10 0.227778 0.172176 0.200000 0.223140
10 0.391667 0.192837 0.144444 0.165289
10 0.397222 0.283747 0.194444 0.170799
10 0.598611 0.228650 0.186111 0.242424
10 0.793056 0.318182 0.186111 0.223140
10 0.831944 0.162534 0.280556 0.269972
