5 0.504167 0.500000 0.341667 0.355372
10 0.026389 0.158402 0.052778 0.173554
10 0.080556 0.333333 0.161111 0.225895
10 0.254167 0.320937 0.219444 0.228650
10 0.037500 0.552342 0.075000 0.206612
10 0.238889 0.530303 0.188889 0.206612
10 0.202778 0.721763 0.211111 0.198347
10 0.036111 0.878788 0.072222 0.231405
10 0.340278 0.870523 0.213889 0.203857
10 0.540278 0.796143 0.252778 0.220386
10 0.661111 0.933884 0.227778 0.132231
10 0.926389 0.949036 0.147222 0.101928
10 0.904167 0.745179 0.191667 0.239669
10 0.777778 0.568871 0.255556 0.201102
10 0.980556 0.577135 0.038889 0.140496
10 0.922222 0.396694 0.155556 0.231405
10 0.954167 0.154270 0.091667 0.220386
10 0.750000 0.168044 0.227778 0.214876
10 0.775000 0.042700 0.200000 0.085399
10 0.454167 0.115702 0.275000 0.231405
10 0.265278 0.028926 0.197222 0.057851
