10 0.562500 0.931129 0.180556 0.137741
10 0.691667 0.796143 0.216667 0.247934
10 0.927778 0.863636 0.144444 0.234160
10 0.779167 0.630854 0.208333 0.198347
5 0.511111 0.501377 0.400000 0.374656
10 0.379167 0.798898 0.258333 0.165289
10 0.166667 0.571625 0.244444 0.179063
10 0.263889 0.666667 0.244444 0.159780
10 0.047222 0.384298 0.088889 0.184573
10 0.068056 0.202479 0.130556 0.206612
10 0.223611 0.103306 0.197222 0.206612
10 0.393056 0.168044 0.191667 0.176309
10 0.418056 0.034435 0.219444 0.068871
10 0.638889 0.195592 0.172222 0.187328
10 0.647222 0.052342 0.205556 0.104683
8 0.776389 0.159780 0.097222 0.082645
10 0.886111 0.276860 0.211111 0.201102
10 0.876389 0.023416 0.158333 0.041322
