8 0.145833 0.022039 0.086111 0.038567
10 0.044444 0.090909 0.088889 0.181818
10 0.290278 0.099174 0.230556 0.198347
10 0.138889 0.260331 0.222222 0.190083
10 0.180556 0.392562 0.205556 0.272727
10 0.025000 0.604683 0.050000 0.206612
10 0.097222 0.805785 0.194444 0.245179
10 0.280556 0.665289 0.227778 0.223140
10 0.302778 0.876033 0.255556 0.198347
10 0.540278 0.896694 0.219444 0.157025
10 0.536111 0.752066 0.244444 0.165289
10 0.747222 0.853994 0.200000 0.192837
10 0.768056 0.666667 0.191667 0.192837
10 0.908333 0.677686 0.183333 0.192837
10 0.909722 0.913223 0.180556 0.173554
10 0.833333 0.422865 0.183333 0.256198
10 0.931944 0.378788 0.136111 0.267218
10 0.888889 0.224518 0.222222 0.195592
10 0.655556 0.071625 0.188889 0.143251
10 0.895833 0.050964 0.208333 0.101928
5 0.531944 0.512397 0.586111 0.418733
