5 0.513889 0.546832 0.400000 0.674931
10 0.944444 0.962810 0.111111 0.074380
10 0.956944 0.713499 0.086111 0.280992
10 0.745833 0.971074 0.180556 0.057851
10 0.579167 0.980716 0.086111 0.038567
10 0.655556 0.851240 0.188889 0.214876
10 0.730556 0.767218 0.205556 0.228650
10 0.788889 0.706612 0.238889 0.272727
10 0.759722 0.322314 0.302778 0.280992
10 0.870833 0.088154 0.258333 0.176309
10 0.366667 0.079890 0.250000 0.159780
10 0.090278 0.034435 0.180556 0.068871
10 0.020833 0.199725 0.041667 0.173554
10 0.034722 0.097796 0.069444 0.123967
10 0.222222 0.345730 0.216667 0.228650
10 0.116667 0.502755 0.233333 0.278237
10 0.068056 0.789256 0.136111 0.201102
10 0.270833 0.862259 0.230556 0.192837
10 0.263889 0.957300 0.238889 0.085399
10 0.058333 0.949036 0.116667 0.101928
