5 0.505556 0.581267 0.444444 0.440771
10 0.413889 0.027548 0.222222 0.055096
10 0.626389 0.067493 0.213889 0.134986
10 0.451389 0.163912 0.225000 0.212121
10 0.594444 0.249311 0.227778 0.206612
10 0.781944 0.013774 0.130556 0.027548
10 0.941667 0.030303 0.116667 0.060606
10 0.986111 0.191460 0.027778 0.162534
10 0.908333 0.326446 0.183333 0.256198
10 0.879167 0.381543 0.241667 0.151515
10 0.200000 0.418733 0.266667 0.209366
10 0.151389 0.600551 0.247222 0.220386
10 0.066667 0.747934 0.133333 0.201102
10 0.173611 0.874656 0.252778 0.228650
10 0.438889 0.973829 0.227778 0.052342
10 0.769444 0.900826 0.200000 0.198347
10 0.837500 0.681818 0.241667 0.245179
10 0.929167 0.845730 0.141667 0.203857
10 0.908333 0.979339 0.183333 0.041322
