5 0.495833 0.519284 0.380556 0.371901
8 0.345833 0.101928 0.236111 0.203857
10 0.147222 0.117080 0.188889 0.234160
10 0.619444 0.220386 0.333333 0.192837
10 0.605556 0.056474 0.205556 0.112948
10 0.818056 0.106061 0.247222 0.212121
10 0.952778 0.207989 0.094444 0.134986
10 0.931944 0.443526 0.136111 0.269972
10 0.825000 0.568871 0.233333 0.140496
10 0.969444 0.673554 0.061111 0.157025
10 0.727778 0.743802 0.183333 0.242424
10 0.927778 0.965565 0.144444 0.068871
10 0.463889 0.809917 0.227778 0.165289
10 0.259722 0.702479 0.186111 0.258953
10 0.170833 0.422865 0.241667 0.217631
10 0.056944 0.641873 0.113889 0.220386
10 0.025000 0.826446 0.050000 0.192837
10 0.050000 0.973829 0.100000 0.052342
