8 0.323611 0.917355 0.102778 0.104683
5 0.504167 0.500000 0.391667 0.399449
10 0.056944 0.129477 0.113889 0.225895
10 0.223611 0.168044 0.219444 0.231405
10 0.043056 0.450413 0.086111 0.179063
10 0.102778 0.668044 0.205556 0.223140
10 0.204167 0.422865 0.197222 0.206612
10 0.120833 0.938017 0.241667 0.123967
10 0.325000 0.750689 0.211111 0.195592
10 0.583333 0.808540 0.233333 0.201102
10 0.436111 0.953168 0.211111 0.093664
10 0.670833 0.977961 0.175000 0.044077
10 0.909722 0.909091 0.180556 0.181818
10 0.950000 0.701102 0.100000 0.217631
10 0.843056 0.535813 0.252778 0.256198
10 0.711111 0.269972 0.244444 0.192837
10 0.436111 0.126722 0.200000 0.192837
10 0.643056 0.084022 0.225000 0.168044
10 0.873611 0.037190 0.247222 0.074380
10 0.923611 0.159780 0.152778 0.192837
