8 0.193056 0.917355 0.075000 0.066116
5 0.516667 0.559229 0.400000 0.539945
10 0.259722 0.111570 0.191667 0.206612
10 0.618056 0.199725 0.213889 0.201102
10 0.763889 0.349862 0.200000 0.236915
10 0.941667 0.380165 0.116667 0.181818
10 0.940278 0.159780 0.119444 0.176309
10 0.134722 0.973829 0.180556 0.052342
10 0.366667 0.858127 0.233333 0.234160
10 0.697222 0.884298 0.216667 0.225895
10 0.873611 0.870523 0.141667 0.242424
10 0.970833 0.801653 0.058333 0.209366
10 0.779167 0.634986 0.230556 0.256198
10 0.090278 0.468320 0.180556 0.247934
10 0.206944 0.370523 0.208333 0.195592
10 0.047222 0.207989 0.094444 0.184573
10 0.061111 0.039945 0.122222 0.079890
10 0.652778 0.046832 0.283333 0.093664
10 0.873611 0.031680 0.202778 0.063361
