5 0.495833 0.502755 0.430556 0.421488
10 0.258333 0.965565 0.183333 0.068871
10 0.315278 0.922865 0.213889 0.154270
10 0.493056 0.882920 0.197222 0.195592
10 0.734722 0.943526 0.225000 0.112948
10 0.683333 0.778237 0.233333 0.239669
10 0.890278 0.683196 0.208333 0.253444
10 0.809722 0.395317 0.213889 0.217631
10 0.068056 0.742424 0.136111 0.234160
10 0.258333 0.703857 0.183333 0.195592
10 0.143056 0.665289 0.230556 0.245179
10 0.036111 0.505510 0.066667 0.206612
10 0.269444 0.269972 0.205556 0.203857
10 0.233333 0.089532 0.200000 0.173554
10 0.061111 0.081267 0.122222 0.162534
10 0.569444 0.063361 0.244444 0.126722
10 0.672222 0.207989 0.238889 0.212121
10 0.976389 0.378788 0.047222 0.179063
10 0.927778 0.180441 0.144444 0.217631
10 0.819444 0.071625 0.227778 0.143251
10 0.047222 0.953168 0.088889 0.093664
