5 0.504167 0.498623 0.408333 0.380165
10 0.026389 0.088154 0.052778 0.176309
10 0.129167 0.020661 0.169444 0.041322
10 0.162500 0.155647 0.202778 0.217631
10 0.056944 0.330579 0.113889 0.225895
10 0.337500 0.067493 0.191667 0.134986
10 0.629167 0.217631 0.186111 0.181818
10 0.751389 0.070248 0.230556 0.140496
10 0.848611 0.373278 0.230556 0.184573
10 0.133333 0.670799 0.211111 0.217631
10 0.059722 0.874656 0.119444 0.212121
10 0.313889 0.926997 0.216667 0.146006
10 0.344444 0.745179 0.188889 0.173554
10 0.633333 0.747934 0.211111 0.173554
10 0.586111 0.913223 0.227778 0.173554
