5 0.506944 0.493113 0.352778 0.336088
10 0.923611 0.187328 0.152778 0.203857
10 0.693056 0.063361 0.236111 0.126722
10 0.205556 0.049587 0.205556 0.099174
10 0.045833 0.086777 0.091667 0.173554
10 0.141667 0.261708 0.216667 0.181818
10 0.034722 0.409091 0.069444 0.195592
10 0.136111 0.505510 0.227778 0.190083
10 0.047222 0.910468 0.094444 0.179063
10 0.098611 0.973829 0.108333 0.052342
10 0.251389 0.982094 0.119444 0.030303
10 0.894444 0.979339 0.172222 0.041322
10 0.662500 0.940771 0.236111 0.118457
10 0.683333 0.758953 0.216667 0.234160
10 0.766667 0.531680 0.194444 0.209366
10 0.901389 0.414601 0.197222 0.201102
10 0.344444 0.852617 0.233333 0.239669
10 0.344444 0.745179 0.222222 0.168044
