5 0.500000 0.524793 0.394444 0.404959
10 0.081944 0.095041 0.163889 0.190083
10 0.173611 0.090909 0.175000 0.181818
10 0.344444 0.213499 0.222222 0.206612
10 0.529167 0.141873 0.163889 0.261708
10 0.647222 0.141873 0.172222 0.223140
10 0.834722 0.088154 0.213889 0.176309
10 0.972222 0.055096 0.055556 0.110193
10 0.815278 0.279614 0.180556 0.195592
10 0.961111 0.458678 0.077778 0.201102
10 0.022222 0.382920 0.044444 0.170799
10 0.123611 0.490358 0.186111 0.192837
10 0.181944 0.535813 0.219444 0.168044
10 0.076389 0.679063 0.152778 0.239669
10 0.101389 0.895317 0.197222 0.209366
10 0.327778 0.880165 0.216667 0.234160
10 0.666667 0.971074 0.233333 0.057851
10 0.543056 0.847107 0.175000 0.201102
10 0.909722 0.896694 0.180556 0.206612
10 0.736111 0.783747 0.250000 0.239669
10 0.770833 0.695592 0.252778 0.223140
10 0.905556 0.680441 0.188889 0.264463
