10 0.077778 0.151515 0.150000 0.253444
10 0.081944 0.475207 0.163889 0.212121
10 0.230556 0.370523 0.272222 0.261708
10 0.250000 0.140496 0.227778 0.192837
10 0.401389 0.073003 0.236111 0.146006
10 0.750000 0.340220 0.266667 0.322314
10 0.768056 0.396694 0.191667 0.181818
5 0.494444 0.501377 0.350000 0.330579
10 0.043056 0.746556 0.086111 0.198347
10 0.258333 0.865014 0.244444 0.220386
8 0.498611 0.915978 0.147222 0.129477
8 0.476389 0.798898 0.075000 0.082645
10 0.605556 0.769972 0.238889 0.261708
10 0.773611 0.878788 0.202778 0.220386
10 0.763889 0.582645 0.255556 0.228650
10 0.918056 0.484848 0.163889 0.264463
10 0.952778 0.070248 0.094444 0.129477
10 0.047222 0.968320 0.094444 0.057851
