10 0.116667 0.086777 0.233333 0.173554
10 0.387500 0.045455 0.241667 0.090909
10 0.634722 0.079890 0.230556 0.159780
10 0.888889 0.086777 0.222222 0.157025
10 0.719444 0.283747 0.233333 0.220386
10 0.930556 0.440771 0.138889 0.242424
10 0.963889 0.221763 0.072222 0.173554
10 0.666667 0.873278 0.216667 0.236915
10 0.304167 0.311295 0.208333 0.198347
10 0.036111 0.271350 0.072222 0.179063
10 0.070833 0.553719 0.141667 0.247934
10 0.233333 0.896694 0.294444 0.190083
10 0.356944 0.745179 0.247222 0.212121
5 0.500000 0.515152 0.350000 0.358127
8 0.869444 0.975207 0.077778 0.049587
10 0.970833 0.953168 0.058333 0.093664
