8 0.495833 0.723140 0.063889 0.057851
8 0.473611 0.805785 0.058333 0.063361
5 0.505556 0.491736 0.427778 0.432507
5 0.806944 0.900826 0.386111 0.198347
10 0.011111 0.053719 0.022222 0.107438
10 0.268056 0.123967 0.213889 0.247934
10 0.159722 0.162534 0.247222 0.154270
10 0.104167 0.283747 0.208333 0.203857
10 0.227778 0.407713 0.138889 0.110193
10 0.201389 0.553719 0.197222 0.187328
10 0.051389 0.663912 0.091667 0.231405
10 0.043056 0.878788 0.086111 0.220386
10 0.177778 0.874656 0.183333 0.250689
10 0.318056 0.736915 0.202778 0.228650
10 0.366667 0.918733 0.194444 0.162534
10 0.451389 0.022039 0.152778 0.044077
10 0.673611 0.059229 0.286111 0.118457
10 0.633333 0.213499 0.222222 0.206612
10 0.868056 0.028926 0.169444 0.057851
10 0.976389 0.084022 0.047222 0.134986
10 0.797222 0.296143 0.200000 0.245179
10 0.950000 0.287879 0.100000 0.223140
10 0.806944 0.513774 0.197222 0.239669
10 0.919444 0.526171 0.161111 0.209366
10 0.961111 0.446281 0.077778 0.154270
10 0.804167 0.716253 0.191667 0.187328
10 0.695833 0.666667 0.163889 0.203857
10 0.559722 0.885675 0.158333 0.228650
