8 0.022222 0.166667 0.044444 0.096419
10 0.143056 0.115702 0.163889 0.187328
10 0.080556 0.066116 0.161111 0.132231
10 0.245833 0.026171 0.169444 0.052342
10 0.418056 0.225895 0.236111 0.231405
10 0.598611 0.104683 0.202778 0.181818
10 0.837500 0.095041 0.202778 0.190083
10 0.748611 0.052342 0.213889 0.104683
10 0.952778 0.049587 0.094444 0.099174
5 0.498611 0.513774 0.302778 0.415978
10 0.115278 0.553719 0.208333 0.286501
10 0.045833 0.772727 0.091667 0.234160
10 0.241667 0.757576 0.211111 0.236915
10 0.413889 0.830579 0.172222 0.201102
10 0.490278 0.852617 0.119444 0.184573
10 0.544444 0.885675 0.144444 0.190083
10 0.422222 0.982094 0.161111 0.035813
10 0.725000 0.837466 0.238889 0.220386
10 0.731944 0.388430 0.191667 0.192837
10 0.883333 0.348485 0.183333 0.184573
10 0.979167 0.325069 0.041667 0.187328
10 0.705556 0.578512 0.222222 0.209366
10 0.827778 0.650138 0.211111 0.187328
10 0.930556 0.511019 0.138889 0.212121
10 0.920833 0.713499 0.158333 0.231405
8 0.022222 0.411846 0.044444 0.129477
