10 0.293056 0.812672 0.230556 0.225895
10 0.063889 0.899449 0.122222 0.201102
10 0.719444 0.882920 0.261111 0.212121
10 0.930556 0.849862 0.138889 0.245179
10 0.773611 0.680441 0.213889 0.209366
5 0.493056 0.498623 0.358333 0.341598
10 0.134722 0.289256 0.258333 0.242424
10 0.337500 0.235537 0.213889 0.201102
10 0.533333 0.111570 0.222222 0.212121
10 0.891667 0.290634 0.188889 0.201102
10 0.809722 0.183196 0.191667 0.212121
10 0.758333 0.428375 0.194444 0.256198
10 0.872222 0.490358 0.211111 0.181818
10 0.270833 0.059229 0.225000 0.112948
10 0.076389 0.074380 0.152778 0.148760
