5 0.504167 0.501377 0.425000 0.413223
10 0.091667 0.702479 0.183333 0.308540
10 0.306944 0.672176 0.247222 0.286501
10 0.187500 0.191460 0.252778 0.195592
10 0.377778 0.165289 0.205556 0.247934
10 0.477778 0.046832 0.166667 0.093664
10 0.369444 0.037190 0.172222 0.074380
10 0.823611 0.106061 0.219444 0.201102
10 0.931944 0.033058 0.119444 0.066116
10 0.866667 0.179063 0.211111 0.236915
10 0.133333 0.964187 0.227778 0.071625
10 0.369444 0.936639 0.222222 0.126722
10 0.663889 0.962810 0.216667 0.074380
10 0.934722 0.887052 0.130556 0.225895
10 0.613889 0.760331 0.233333 0.209366
10 0.783333 0.596419 0.261111 0.245179
10 0.931944 0.475207 0.136111 0.311295
10 0.977778 0.319559 0.044444 0.082645
8 0.548611 0.234160 0.075000 0.055096
