10 0.050000 0.110193 0.100000 0.220386
10 0.236111 0.086777 0.288889 0.173554
10 0.243056 0.276860 0.241667 0.190083
10 0.054167 0.487603 0.108333 0.236915
10 0.166667 0.614325 0.200000 0.308540
10 0.273611 0.768595 0.225000 0.258953
10 0.166667 0.921488 0.255556 0.157025
10 0.547222 0.150138 0.238889 0.212121
10 0.545833 0.024793 0.197222 0.049587
10 0.806944 0.035813 0.208333 0.071625
10 0.955556 0.095041 0.088889 0.190083
10 0.794444 0.370523 0.172222 0.212121
10 0.836111 0.560606 0.238889 0.267218
10 0.951389 0.668044 0.097222 0.289256
10 0.775000 0.801653 0.227778 0.198347
10 0.806944 0.983471 0.180556 0.033058
10 0.548611 0.949036 0.252778 0.101928
10 0.522222 0.808540 0.238889 0.151515
5 0.498611 0.502755 0.486111 0.476584
