10 0.070833 0.009642 0.141667 0.019284
10 0.058333 0.187328 0.116667 0.170799
10 0.075000 0.342975 0.150000 0.217631
10 0.061111 0.651515 0.122222 0.217631
10 0.112500 0.769972 0.225000 0.173554
10 0.213889 0.577135 0.194444 0.217631
10 0.238889 0.247934 0.211111 0.242424
10 0.413889 0.088154 0.250000 0.176309
10 0.647222 0.056474 0.194444 0.112948
10 0.947222 0.636364 0.105556 0.258953
10 0.934722 0.946281 0.130556 0.107438
10 0.833333 0.833333 0.244444 0.201102
10 0.768056 0.672176 0.225000 0.258953
10 0.348611 0.752066 0.197222 0.258953
10 0.581944 0.852617 0.319444 0.234160
10 0.676389 0.958678 0.230556 0.082645
5 0.494444 0.504132 0.400000 0.446281
