5 0.501389 0.498623 0.336111 0.418733
10 0.022222 0.089532 0.044444 0.157025
10 0.147222 0.064738 0.138889 0.129477
10 0.234722 0.100551 0.163889 0.140496
10 0.391667 0.042700 0.211111 0.085399
10 0.626389 0.210744 0.225000 0.190083
10 0.955556 0.045455 0.088889 0.090909
10 0.038889 0.501377 0.077778 0.242424
10 0.216667 0.473829 0.227778 0.220386
10 0.226389 0.579890 0.230556 0.228650
10 0.038889 0.961433 0.077778 0.077135
10 0.493056 0.891185 0.236111 0.217631
10 0.800000 0.887052 0.211111 0.225895
10 0.811111 0.646006 0.238889 0.195592
10 0.959722 0.570248 0.080556 0.203857
10 0.822222 0.442149 0.227778 0.212121
