5 0.509722 0.625344 0.397222 0.347107
5 0.615278 0.322314 0.369444 0.358127
8 0.109722 0.961433 0.080556 0.077135
10 0.063889 0.544077 0.127778 0.250689
10 0.127778 0.342975 0.216667 0.239669
10 0.091667 0.129477 0.183333 0.258953
10 0.344444 0.184573 0.255556 0.225895
10 0.344444 0.333333 0.200000 0.209366
10 0.286111 0.942149 0.222222 0.115702
10 0.652778 0.958678 0.222222 0.082645
10 0.711111 0.842975 0.222222 0.214876
10 0.908333 0.874656 0.183333 0.250689
10 0.952778 0.512397 0.094444 0.225895
10 0.984722 0.320937 0.030556 0.085399
10 0.705556 0.090909 0.238889 0.181818
10 0.897222 0.090909 0.200000 0.181818
10 0.893056 0.202479 0.213889 0.206612
