5 0.512500 0.538567 0.363889 0.344353
10 0.059722 0.312672 0.119444 0.212121
10 0.179167 0.235537 0.175000 0.201102
10 0.181944 0.443526 0.252778 0.225895
10 0.363889 0.269972 0.194444 0.220386
10 0.465278 0.309917 0.202778 0.179063
10 0.544444 0.121212 0.227778 0.203857
10 0.580556 0.073003 0.222222 0.146006
10 0.802778 0.095041 0.188889 0.190083
10 0.952778 0.148760 0.094444 0.231405
10 0.784722 0.315427 0.219444 0.228650
10 0.759722 0.513774 0.225000 0.223140
10 0.831944 0.749311 0.247222 0.214876
10 0.084722 0.705234 0.169444 0.203857
10 0.109722 0.907713 0.219444 0.184573
10 0.425000 0.940771 0.222222 0.118457
10 0.747222 0.928375 0.211111 0.143251
10 0.961111 0.949036 0.077778 0.101928
