6 0.504167 0.498623 0.430556 0.396694
10 0.976389 0.079890 0.047222 0.159780
10 0.765278 0.129477 0.208333 0.209366
10 0.561111 0.177686 0.200000 0.228650
10 0.361111 0.079890 0.216667 0.159780
10 0.048611 0.030303 0.097222 0.060606
10 0.093056 0.151515 0.180556 0.181818
10 0.262500 0.304408 0.197222 0.206612
10 0.098611 0.378788 0.197222 0.195592
10 0.068056 0.652893 0.136111 0.242424
10 0.187500 0.929752 0.225000 0.140496
10 0.320833 0.761708 0.225000 0.234160
10 0.361111 0.973829 0.177778 0.052342
10 0.597222 0.815427 0.205556 0.214876
10 0.794444 0.724518 0.205556 0.203857
10 0.937500 0.896694 0.125000 0.206612
10 0.947222 0.410468 0.105556 0.198347
10 0.848611 0.356749 0.230556 0.212121
