6 0.505556 0.502755 0.377778 0.382920
6 0.534722 0.056474 0.263889 0.112948
8 0.297222 0.236915 0.083333 0.071625
8 0.402778 0.286501 0.061111 0.055096
8 0.193056 0.443526 0.058333 0.055096
8 0.022222 0.552342 0.044444 0.134986
10 0.015278 0.045455 0.030556 0.090909
10 0.083333 0.411846 0.166667 0.250689
10 0.218056 0.371901 0.186111 0.236915
10 0.680556 0.183196 0.255556 0.223140
10 0.823611 0.033058 0.191667 0.066116
10 0.819444 0.520661 0.183333 0.187328
10 0.890278 0.648760 0.208333 0.217631
10 0.856944 0.900826 0.202778 0.198347
10 0.622222 0.758953 0.211111 0.195592
10 0.645833 0.980716 0.152778 0.038567
10 0.418056 0.961433 0.202778 0.077135
10 0.377778 0.811295 0.205556 0.179063
10 0.170833 0.674931 0.213889 0.236915
10 0.022222 0.742424 0.044444 0.140496
10 0.105556 0.987603 0.100000 0.024793
