6 0.534153 0.472900 0.418033 0.436314
8 0.724044 0.189702 0.071038 0.070461
10 0.072404 0.170732 0.144809 0.151762
10 0.248634 0.027100 0.158470 0.054201
10 0.632514 0.048780 0.188525 0.097561
10 0.969945 0.081301 0.060109 0.162602
10 0.923497 0.134146 0.153005 0.197832
10 0.950820 0.333333 0.098361 0.157182
10 0.942623 0.539295 0.114754 0.216802
10 0.790984 0.594851 0.221311 0.230352
10 0.939891 0.783198 0.120219 0.205962
10 0.482240 0.937669 0.172131 0.124661
10 0.035519 0.952575 0.071038 0.094851
10 0.094262 0.716802 0.188525 0.181572
10 0.236339 0.575881 0.183060 0.208672
10 0.081967 0.411924 0.163934 0.216802
