6 0.497222 0.502755 0.377778 0.410468
10 0.826389 0.070248 0.186111 0.140496
10 0.926389 0.221763 0.147222 0.212121
10 0.761111 0.336088 0.188889 0.181818
10 0.626389 0.170799 0.247222 0.154270
10 0.481944 0.056474 0.202778 0.112948
10 0.111111 0.044077 0.211111 0.088154
10 0.155556 0.245179 0.205556 0.203857
10 0.302778 0.221763 0.188889 0.184573
10 0.016667 0.271350 0.033333 0.168044
10 0.190278 0.542700 0.197222 0.198347
10 0.081944 0.703857 0.163889 0.195592
10 0.266667 0.760331 0.194444 0.225895
10 0.043056 0.918733 0.086111 0.162534
10 0.488889 0.826446 0.172222 0.203857
10 0.825000 0.555096 0.194444 0.223140
10 0.654167 0.787879 0.213889 0.231405
10 0.880556 0.826446 0.211111 0.225895
10 0.827778 0.979339 0.200000 0.041322
