6 0.501389 0.488981 0.452778 0.487603
10 0.930556 0.147383 0.138889 0.162534
10 0.854167 0.028926 0.130556 0.057851
10 0.726389 0.114325 0.225000 0.195592
10 0.419444 0.104683 0.216667 0.187328
10 0.237500 0.055096 0.197222 0.110193
10 0.068056 0.063361 0.136111 0.126722
10 0.119444 0.213499 0.211111 0.206612
10 0.086111 0.796143 0.172222 0.165289
10 0.313889 0.986226 0.138889 0.027548
10 0.505556 0.878788 0.155556 0.154270
10 0.583333 0.743802 0.177778 0.203857
10 0.708333 0.892562 0.183333 0.209366
10 0.923611 0.858127 0.152778 0.195592
10 0.816667 0.676309 0.216667 0.245179
10 0.918056 0.522039 0.163889 0.223140
10 0.823611 0.326446 0.202778 0.250689
10 0.975000 0.293388 0.050000 0.168044
