6 0.488889 0.500000 0.405556 0.360882
10 0.913889 0.155647 0.172222 0.228650
10 0.758333 0.037190 0.194444 0.074380
10 0.548611 0.026171 0.102778 0.052342
10 0.631944 0.216253 0.191667 0.190083
10 0.838889 0.411846 0.227778 0.217631
10 0.969444 0.341598 0.061111 0.154270
10 0.975000 0.500000 0.050000 0.179063
10 0.983333 0.736915 0.033333 0.101928
10 0.831944 0.829201 0.186111 0.203857
10 0.752778 0.712121 0.200000 0.195592
10 0.527778 0.827824 0.238889 0.256198
10 0.037500 0.309917 0.075000 0.168044
