6 0.505556 0.504132 0.416667 0.363636
10 0.133333 0.026171 0.144444 0.052342
10 0.058333 0.217631 0.116667 0.214876
10 0.322222 0.136364 0.188889 0.157025
10 0.419444 0.227273 0.283333 0.206612
10 0.659722 0.187328 0.225000 0.209366
10 0.734722 0.037190 0.186111 0.074380
10 0.491667 0.022039 0.150000 0.044077
10 0.926389 0.081267 0.147222 0.162534
10 0.963889 0.367769 0.072222 0.190083
10 0.838889 0.480716 0.211111 0.206612
10 0.943056 0.776860 0.113889 0.220386
10 0.698611 0.827824 0.230556 0.228650
10 0.512500 0.812672 0.208333 0.181818
10 0.137500 0.951791 0.275000 0.096419
10 0.191667 0.870523 0.233333 0.154270
10 0.287500 0.681818 0.236111 0.223140
10 0.197222 0.454545 0.200000 0.220386
10 0.075000 0.670799 0.150000 0.201102
