6 0.505556 0.504132 0.538889 0.358127
10 0.813889 0.108815 0.200000 0.179063
10 0.708333 0.183196 0.200000 0.190083
10 0.256944 0.027548 0.191667 0.055096
10 0.084722 0.337466 0.169444 0.195592
10 0.038889 0.636364 0.077778 0.170799
10 0.044444 0.903581 0.088889 0.192837
10 0.212500 0.939394 0.152778 0.121212
10 0.333333 0.955923 0.194444 0.088154
10 0.261111 0.760331 0.205556 0.181818
10 0.812500 0.661157 0.175000 0.181818
10 0.963889 0.228650 0.072222 0.159780
10 0.973611 0.581267 0.052778 0.143251
10 0.936111 0.782369 0.127778 0.203857
