6 0.505556 0.454545 0.516667 0.677686
10 0.038889 0.150138 0.077778 0.239669
10 0.177778 0.077135 0.200000 0.154270
10 0.384722 0.147383 0.191667 0.239669
10 0.634722 0.092287 0.241667 0.184573
10 0.887500 0.103306 0.225000 0.206612
10 0.945833 0.337466 0.108333 0.201102
10 0.890278 0.519284 0.219444 0.201102
10 0.898611 0.713499 0.202778 0.181818
10 0.898611 0.877410 0.202778 0.157025
10 0.940278 0.984848 0.119444 0.030303
10 0.651389 0.801653 0.219444 0.192837
10 0.715278 0.977961 0.152778 0.044077
10 0.500000 0.932507 0.205556 0.134986
10 0.338889 0.842975 0.261111 0.209366
10 0.056944 0.942149 0.113889 0.115702
10 0.088889 0.732782 0.177778 0.220386
10 0.208333 0.494490 0.238889 0.316804
10 0.070833 0.422865 0.141667 0.223140
10 0.190278 0.250689 0.241667 0.187328
