6 0.508333 0.505510 0.411111 0.504132
10 0.155556 0.322314 0.161111 0.203857
10 0.186111 0.523416 0.177778 0.225895
10 0.322222 0.236915 0.183333 0.192837
10 0.508333 0.108815 0.177778 0.217631
10 0.779167 0.168044 0.225000 0.209366
10 0.934722 0.024793 0.130556 0.049587
10 0.854167 0.493113 0.208333 0.192837
10 0.988889 0.573003 0.022222 0.071625
10 0.863889 0.709366 0.194444 0.179063
10 0.983333 0.849862 0.033333 0.123967
10 0.869444 0.921488 0.183333 0.157025
10 0.673611 0.965565 0.158333 0.068871
10 0.597222 0.831956 0.205556 0.170799
10 0.393056 0.904959 0.208333 0.190083
10 0.058333 0.681818 0.116667 0.201102
10 0.177778 0.829201 0.211111 0.209366
10 0.087500 0.965565 0.175000 0.068871
