6 0.505556 0.504132 0.283333 0.584022
10 0.105556 0.184573 0.211111 0.192837
10 0.116667 0.101928 0.183333 0.181818
10 0.325000 0.090909 0.194444 0.181818
10 0.634722 0.140496 0.213889 0.231405
10 0.862500 0.133609 0.202778 0.184573
10 0.759722 0.020661 0.097222 0.041322
10 0.981944 0.063361 0.036111 0.126722
10 0.933333 0.315427 0.133333 0.206612
10 0.755556 0.341598 0.200000 0.203857
10 0.856944 0.512397 0.180556 0.203857
10 0.963889 0.641873 0.072222 0.181818
10 0.747222 0.683196 0.222222 0.220386
10 0.945833 0.954545 0.108333 0.090909
10 0.579167 0.892562 0.213889 0.214876
10 0.200000 0.955923 0.188889 0.088154
10 0.201389 0.880165 0.169444 0.184573
10 0.236111 0.768595 0.266667 0.203857
10 0.263889 0.545455 0.200000 0.203857
10 0.086111 0.385675 0.172222 0.159780
10 0.030556 0.646006 0.061111 0.157025
