6 0.512500 0.504132 0.447222 0.501377
10 0.063889 0.179063 0.127778 0.203857
10 0.158333 0.207989 0.211111 0.190083
10 0.123611 0.411846 0.213889 0.212121
10 0.345833 0.046832 0.208333 0.093664
10 0.813889 0.079890 0.216667 0.159780
10 0.906944 0.174931 0.186111 0.195592
10 0.684722 0.241047 0.230556 0.212121
10 0.972222 0.389807 0.055556 0.179063
10 0.831944 0.438017 0.208333 0.209366
10 0.823611 0.633609 0.191667 0.181818
10 0.901389 0.845730 0.197222 0.198347
10 0.886111 0.984848 0.133333 0.030303
10 0.656944 0.822314 0.202778 0.195592
10 0.337500 0.787879 0.197222 0.203857
10 0.129167 0.820937 0.191667 0.192837
10 0.056944 0.873278 0.113889 0.253444
