6 0.490437 0.486450 0.368852 0.420054
10 0.948087 0.069106 0.103825 0.138211
10 0.928962 0.262873 0.142077 0.189702
10 0.784153 0.029810 0.174863 0.059621
10 0.688525 0.124661 0.180328 0.222222
10 0.545082 0.165312 0.199454 0.189702
10 0.225410 0.142276 0.259563 0.192412
10 0.075137 0.035230 0.150273 0.070461
10 0.203552 0.345528 0.193989 0.235772
10 0.075137 0.479675 0.150273 0.178862
10 0.030055 0.485095 0.060109 0.151762
10 0.079235 0.727642 0.158470 0.241192
10 0.240437 0.676152 0.163934 0.186992
10 0.319672 0.734417 0.224044 0.184282
10 0.214481 0.897019 0.232240 0.184282
10 0.040984 0.949864 0.081967 0.100271
10 0.385246 0.959350 0.163934 0.081301
10 0.565574 0.915989 0.202186 0.168022
10 0.781421 0.964770 0.174863 0.070461
10 0.868852 0.789973 0.158470 0.186992
10 0.963115 0.697832 0.073770 0.176152
10 0.984973 0.471545 0.030055 0.146341
10 0.816940 0.425474 0.196721 0.200542
