6 0.498611 0.498623 0.402778 0.418733
8 0.265278 0.714876 0.058333 0.052342
10 0.920833 0.209366 0.158333 0.209366
10 0.813889 0.170799 0.172222 0.203857
10 0.620833 0.126722 0.197222 0.203857
10 0.393056 0.201102 0.208333 0.187328
10 0.181944 0.180441 0.191667 0.195592
10 0.175000 0.033058 0.166667 0.066116
10 0.025000 0.064738 0.050000 0.129477
10 0.050000 0.359504 0.100000 0.206612
10 0.201389 0.396694 0.202778 0.192837
10 0.131944 0.639118 0.180556 0.192837
10 0.011111 0.663912 0.022222 0.165289
10 0.062500 0.907713 0.125000 0.184573
10 0.598611 0.929752 0.219444 0.140496
10 0.381944 0.838843 0.247222 0.195592
10 0.802778 0.797521 0.183333 0.239669
10 0.966667 0.589532 0.066667 0.181818
10 0.825000 0.384298 0.200000 0.195592
