6 0.500000 0.484848 0.355556 0.297521
8 0.668056 0.885675 0.091667 0.079890
10 0.977778 0.107438 0.044444 0.198347
10 0.869444 0.034435 0.183333 0.068871
10 0.712500 0.095041 0.197222 0.190083
10 0.770833 0.276860 0.236111 0.234160
10 0.945833 0.336088 0.108333 0.253444
10 0.900000 0.809917 0.200000 0.225895
10 0.695833 0.728650 0.202778 0.250689
10 0.458333 0.775482 0.183333 0.195592
10 0.248611 0.871901 0.236111 0.239669
10 0.343056 0.975207 0.175000 0.049587
10 0.076389 0.818182 0.152778 0.214876
10 0.076389 0.680441 0.152778 0.198347
10 0.200000 0.319559 0.222222 0.236915
10 0.068056 0.279614 0.136111 0.212121
10 0.118056 0.048209 0.186111 0.096419
