6 0.502778 0.494490 0.516667 0.559229
10 0.941667 0.057851 0.116667 0.115702
10 0.770833 0.093664 0.219444 0.187328
10 0.561111 0.064738 0.238889 0.129477
10 0.333333 0.165289 0.272222 0.258953
10 0.081944 0.382920 0.163889 0.209366
10 0.152778 0.570248 0.233333 0.264463
10 0.268056 0.684573 0.175000 0.184573
10 0.070833 0.782369 0.141667 0.231405
10 0.269444 0.906336 0.266667 0.187328
10 0.615278 0.884298 0.213889 0.231405
10 0.883333 0.845730 0.233333 0.247934
10 0.819444 0.557851 0.200000 0.300275
10 0.933333 0.515152 0.133333 0.275482
10 0.966667 0.245179 0.066667 0.176309
