6 0.513889 0.501377 0.455556 0.391185
8 0.325000 0.063361 0.077778 0.066116
10 0.737500 0.074380 0.186111 0.148760
10 0.818056 0.225895 0.191667 0.242424
10 0.959722 0.292011 0.080556 0.198347
10 0.963889 0.608815 0.072222 0.187328
10 0.820833 0.626722 0.213889 0.184573
10 0.963889 0.841598 0.072222 0.140496
10 0.919444 0.966942 0.161111 0.066116
10 0.797222 0.913223 0.194444 0.173554
10 0.658333 0.778237 0.238889 0.195592
10 0.587500 0.965565 0.175000 0.068871
10 0.322222 0.932507 0.216667 0.134986
10 0.095833 0.902204 0.191667 0.195592
10 0.298611 0.761708 0.202778 0.184573
10 0.130556 0.685950 0.161111 0.198347
10 0.036111 0.506887 0.072222 0.198347
10 0.112500 0.272727 0.225000 0.187328
10 0.151389 0.070248 0.136111 0.140496
10 0.369444 0.217631 0.233333 0.214876
10 0.383333 0.086777 0.183333 0.151515
