6 0.508333 0.506887 0.466667 0.424242
8 0.851389 0.173554 0.058333 0.055096
10 0.018056 0.041322 0.036111 0.082645
10 0.075000 0.223140 0.150000 0.203857
10 0.236111 0.115702 0.194444 0.187328
10 0.291667 0.225895 0.200000 0.209366
10 0.401389 0.030303 0.158333 0.060606
10 0.584722 0.134986 0.191667 0.187328
10 0.818056 0.053719 0.202778 0.107438
10 0.936111 0.256198 0.127778 0.198347
10 0.843056 0.497245 0.219444 0.223140
10 0.909722 0.612948 0.180556 0.223140
10 0.704167 0.735537 0.208333 0.203857
10 0.912500 0.831956 0.175000 0.198347
10 0.972222 0.954545 0.055556 0.090909
10 0.773611 0.951791 0.186111 0.096419
10 0.541667 0.973829 0.194444 0.052342
10 0.350000 0.940771 0.188889 0.118457
10 0.504167 0.808540 0.191667 0.206612
10 0.280556 0.703857 0.161111 0.162534
10 0.236111 0.772727 0.200000 0.212121
10 0.012500 0.786501 0.025000 0.123967
10 0.086111 0.628099 0.172222 0.181818
10 0.165278 0.440771 0.213889 0.176309
10 0.018056 0.411846 0.036111 0.118457
