6 0.498611 0.497245 0.441667 0.460055
10 0.043056 0.012397 0.086111 0.024793
10 0.038889 0.230028 0.077778 0.201102
10 0.172222 0.358127 0.222222 0.225895
10 0.256944 0.059229 0.213889 0.118457
10 0.420833 0.169421 0.225000 0.201102
10 0.541667 0.068871 0.211111 0.137741
10 0.712500 0.136364 0.186111 0.184573
10 0.952778 0.089532 0.094444 0.179063
10 0.893056 0.269972 0.213889 0.214876
10 0.876389 0.473829 0.225000 0.214876
10 0.956944 0.800275 0.086111 0.184573
10 0.813889 0.695592 0.211111 0.206612
10 0.595833 0.842975 0.225000 0.242424
10 0.363889 0.977961 0.161111 0.044077
10 0.183333 0.878788 0.222222 0.198347
10 0.025000 0.975207 0.050000 0.049587
10 0.079167 0.597796 0.158333 0.253444
