6 0.511111 0.508264 0.433333 0.415978
8 0.684722 0.747934 0.063889 0.052342
10 0.841667 0.132231 0.233333 0.209366
10 0.793056 0.227273 0.202778 0.250689
10 0.954167 0.290634 0.091667 0.217631
10 0.872222 0.483471 0.205556 0.184573
10 0.973611 0.593664 0.052778 0.134986
10 0.898611 0.717631 0.202778 0.190083
10 0.856944 0.778237 0.197222 0.195592
10 0.700000 0.921488 0.200000 0.157025
10 0.609722 0.891185 0.225000 0.190083
10 0.375000 0.825069 0.233333 0.195592
10 0.154167 0.679063 0.208333 0.184573
10 0.144444 0.528926 0.200000 0.209366
10 0.034722 0.911846 0.069444 0.176309
10 0.313889 0.253444 0.205556 0.198347
10 0.097222 0.067493 0.194444 0.134986
10 0.529167 0.031680 0.158333 0.063361
10 0.752778 0.017906 0.122222 0.035813
10 0.601389 0.168044 0.191667 0.187328
