6 0.498611 0.512397 0.419444 0.413223
8 0.793056 0.855372 0.075000 0.068871
10 0.088889 0.146006 0.177778 0.220386
10 0.031944 0.308540 0.063889 0.220386
10 0.193056 0.026171 0.136111 0.052342
10 0.337500 0.129477 0.191667 0.236915
10 0.488889 0.166667 0.211111 0.173554
10 0.500000 0.028926 0.188889 0.057851
10 0.609722 0.173554 0.186111 0.236915
10 0.765278 0.046832 0.186111 0.093664
10 0.840278 0.194215 0.213889 0.212121
10 0.965278 0.289256 0.069444 0.154270
10 0.905556 0.482094 0.188889 0.203857
10 0.929167 0.668044 0.141667 0.212121
10 0.988889 0.859504 0.022222 0.093664
10 0.751389 0.692837 0.208333 0.206612
10 0.794444 0.929752 0.261111 0.140496
10 0.586111 0.848485 0.194444 0.214876
10 0.611111 0.986226 0.083333 0.027548
10 0.440278 0.958678 0.180556 0.082645
10 0.302778 0.851240 0.211111 0.214876
10 0.376389 0.767218 0.225000 0.212121
10 0.086111 0.800275 0.172222 0.206612
10 0.075000 0.668044 0.150000 0.212121
10 0.195833 0.542700 0.213889 0.236915
10 0.227778 0.307163 0.255556 0.190083
