6 0.502778 0.534435 0.344444 0.446281
8 0.436111 0.060606 0.038889 0.044077
10 0.072222 0.243802 0.144444 0.168044
10 0.070833 0.314050 0.141667 0.176309
10 0.366667 0.099174 0.216667 0.198347
10 0.686111 0.034435 0.172222 0.068871
10 0.920833 0.114325 0.158333 0.195592
10 0.963889 0.772727 0.072222 0.206612
10 0.922222 0.969697 0.155556 0.060606
10 0.695833 0.961433 0.180556 0.077135
10 0.500000 0.865014 0.261111 0.269972
10 0.241667 0.979339 0.155556 0.041322
10 0.086111 0.818182 0.172222 0.198347
