6 0.501389 0.501377 0.413889 0.473829
10 0.058333 0.275482 0.116667 0.236915
10 0.206944 0.294766 0.219444 0.231405
10 0.122222 0.490358 0.205556 0.209366
10 0.211111 0.022039 0.105556 0.044077
10 0.300000 0.044077 0.172222 0.088154
10 0.579167 0.152893 0.191667 0.184573
10 0.670833 0.096419 0.213889 0.192837
10 0.883333 0.157025 0.194444 0.203857
10 0.956944 0.037190 0.086111 0.074380
10 0.813889 0.360882 0.227778 0.231405
10 0.963889 0.414601 0.072222 0.179063
10 0.925000 0.874656 0.150000 0.190083
10 0.730556 0.765840 0.227778 0.198347
10 0.548611 0.853994 0.236111 0.198347
10 0.472222 0.969697 0.161111 0.060606
10 0.286111 0.845730 0.238889 0.236915
10 0.237500 0.973829 0.113889 0.052342
10 0.058333 0.962810 0.116667 0.074380
