6 0.516667 0.539945 0.522222 0.655647
10 0.168056 0.012397 0.113889 0.024793
10 0.090278 0.123967 0.180556 0.203857
10 0.044444 0.323691 0.088889 0.190083
10 0.125000 0.527548 0.200000 0.217631
10 0.036111 0.687328 0.072222 0.173554
10 0.116667 0.807163 0.200000 0.275482
10 0.279167 0.958678 0.191667 0.082645
10 0.591667 0.812672 0.238889 0.192837
10 0.672222 0.965565 0.177778 0.068871
10 0.822222 0.772727 0.166667 0.201102
10 0.962500 0.827824 0.075000 0.212121
10 0.936111 0.560606 0.127778 0.223140
10 0.904167 0.466942 0.191667 0.179063
10 0.950000 0.263085 0.100000 0.190083
10 0.772222 0.257576 0.222222 0.217631
10 0.790278 0.061983 0.202778 0.123967
10 0.555556 0.008264 0.105556 0.016529
10 0.347222 0.013774 0.116667 0.027548
