6 0.501389 0.524793 0.475000 0.415978
8 0.422222 0.983471 0.055556 0.027548
8 0.313889 0.143251 0.077778 0.071625
10 0.922222 0.256198 0.155556 0.225895
10 0.852778 0.111570 0.244444 0.179063
10 0.595833 0.147383 0.225000 0.179063
10 0.445833 0.027548 0.175000 0.055096
10 0.238889 0.037190 0.194444 0.074380
10 0.158333 0.107438 0.200000 0.165289
10 0.337500 0.278237 0.225000 0.236915
10 0.175000 0.421488 0.188889 0.181818
10 0.125000 0.625344 0.222222 0.154270
10 0.287500 0.760331 0.236111 0.198347
10 0.240278 0.938017 0.191667 0.123967
10 0.062500 0.862259 0.125000 0.214876
10 0.608333 0.938017 0.222222 0.123967
10 0.702778 0.958678 0.205556 0.082645
10 0.961111 0.668044 0.077778 0.173554
10 0.966667 0.454545 0.066667 0.192837
10 0.838889 0.570248 0.188889 0.231405
