6 0.501389 0.511019 0.452778 0.526171
10 0.027778 0.150138 0.055556 0.140496
10 0.148611 0.151515 0.219444 0.187328
10 0.320833 0.129477 0.225000 0.198347
10 0.459722 0.089532 0.213889 0.179063
10 0.759722 0.067493 0.208333 0.134986
10 0.941667 0.097796 0.116667 0.195592
10 0.790278 0.342975 0.208333 0.228650
10 0.947222 0.461433 0.105556 0.201102
10 0.972222 0.680441 0.055556 0.148760
10 0.945833 0.928375 0.108333 0.143251
10 0.833333 0.696970 0.183333 0.192837
10 0.644444 0.772727 0.194444 0.223140
10 0.770833 0.909091 0.202778 0.181818
10 0.348611 0.943526 0.202778 0.112948
10 0.212500 0.775482 0.202778 0.239669
10 0.095833 0.646006 0.191667 0.239669
10 0.054167 0.447658 0.108333 0.228650
10 0.209722 0.402204 0.186111 0.203857
10 0.015278 0.942149 0.030556 0.115702
