6 0.509722 0.504132 0.369444 0.380165
10 0.776389 0.026171 0.163889 0.052342
10 0.906944 0.137741 0.186111 0.192837
10 0.640278 0.184573 0.213889 0.231405
10 0.291667 0.243802 0.205556 0.173554
10 0.065278 0.096419 0.130556 0.192837
10 0.186111 0.435262 0.205556 0.214876
10 0.088889 0.600551 0.177778 0.198347
10 0.216667 0.706612 0.222222 0.157025
10 0.083333 0.831956 0.166667 0.192837
10 0.216667 0.975207 0.227778 0.049587
10 0.379167 0.925620 0.208333 0.148760
10 0.544444 0.798898 0.222222 0.209366
10 0.873611 0.921488 0.169444 0.157025
10 0.945833 0.698347 0.108333 0.234160
10 0.851389 0.630854 0.180556 0.187328
10 0.887500 0.411846 0.158333 0.173554
10 0.775000 0.356749 0.183333 0.206612
