6 0.501389 0.502755 0.369444 0.333333
10 0.215278 0.206612 0.225000 0.231405
10 0.530556 0.185950 0.261111 0.250689
10 0.718056 0.064738 0.258333 0.129477
10 0.112500 0.038567 0.225000 0.077135
10 0.912500 0.174931 0.175000 0.212121
10 0.855556 0.384298 0.244444 0.223140
10 0.943056 0.584022 0.113889 0.214876
10 0.890278 0.884298 0.219444 0.209366
10 0.775000 0.710744 0.194444 0.214876
10 0.558333 0.848485 0.205556 0.187328
10 0.465278 0.913223 0.208333 0.173554
10 0.197222 0.757576 0.211111 0.198347
10 0.180556 0.939394 0.238889 0.121212
10 0.018056 0.939394 0.036111 0.121212
