6 0.502778 0.502755 0.377778 0.399449
8 0.868056 0.873278 0.075000 0.066116
10 0.061111 0.172176 0.122222 0.217631
10 0.234722 0.214876 0.169444 0.181818
10 0.231944 0.337466 0.208333 0.206612
10 0.359722 0.046832 0.219444 0.093664
10 0.586111 0.039945 0.155556 0.079890
10 0.970833 0.121212 0.058333 0.176309
10 0.704167 0.261708 0.247222 0.203857
10 0.809722 0.464187 0.175000 0.195592
10 0.918056 0.534435 0.163889 0.181818
10 0.963889 0.922865 0.072222 0.154270
10 0.848611 0.972452 0.169444 0.055096
10 0.706944 0.822314 0.180556 0.206612
10 0.623611 0.965565 0.197222 0.068871
10 0.379167 0.814050 0.208333 0.190083
10 0.102778 0.969697 0.161111 0.060606
10 0.048611 0.822314 0.097222 0.190083
10 0.155556 0.796143 0.177778 0.203857
10 0.165278 0.567493 0.213889 0.170799
10 0.063889 0.531680 0.127778 0.198347
