6 0.504167 0.502755 0.430556 0.410468
8 0.784722 0.665289 0.075000 0.063361
10 0.968056 0.031680 0.063889 0.063361
10 0.823611 0.037190 0.169444 0.074380
10 0.640278 0.093664 0.319444 0.181818
10 0.463889 0.034435 0.161111 0.068871
10 0.265278 0.064738 0.191667 0.129477
10 0.544444 0.196970 0.255556 0.201102
10 0.025000 0.535813 0.050000 0.146006
10 0.081944 0.816804 0.163889 0.239669
10 0.130556 0.977961 0.144444 0.044077
10 0.397222 0.962810 0.272222 0.074380
10 0.495833 0.814050 0.236111 0.206612
10 0.680556 0.881543 0.183333 0.165289
10 0.783333 0.928375 0.233333 0.143251
10 0.920833 0.621212 0.158333 0.245179
10 0.752778 0.381543 0.172222 0.217631
10 0.929167 0.319559 0.141667 0.198347
