6 0.501389 0.498623 0.397222 0.550964
10 0.070833 0.260331 0.141667 0.195592
10 0.108333 0.340220 0.205556 0.190083
10 0.163889 0.099174 0.177778 0.198347
10 0.283333 0.225895 0.200000 0.198347
10 0.555556 0.136364 0.200000 0.184573
10 0.636111 0.012397 0.111111 0.024793
10 0.883333 0.038567 0.233333 0.077135
10 0.804167 0.188705 0.230556 0.212121
10 0.904167 0.181818 0.191667 0.176309
10 0.952778 0.367769 0.094444 0.190083
10 0.781944 0.410468 0.219444 0.192837
10 0.815278 0.495868 0.230556 0.225895
10 0.906944 0.684573 0.186111 0.217631
10 0.983333 0.845730 0.033333 0.115702
10 0.722222 0.720386 0.172222 0.179063
10 0.781944 0.889807 0.175000 0.198347
10 0.870833 0.917355 0.186111 0.165289
10 0.570833 0.950413 0.208333 0.099174
10 0.445833 0.851240 0.208333 0.176309
10 0.198611 0.958678 0.208333 0.082645
10 0.023611 0.946281 0.047222 0.107438
10 0.036111 0.882920 0.072222 0.157025
10 0.140278 0.764463 0.202778 0.195592
