6 0.491667 0.493113 0.455556 0.479339
10 0.952778 0.092287 0.094444 0.173554
10 0.869444 0.078512 0.138889 0.151515
10 0.530556 0.033058 0.183333 0.066116
10 0.302778 0.073003 0.211111 0.146006
10 0.275000 0.258953 0.194444 0.187328
10 0.097222 0.563361 0.194444 0.217631
10 0.316667 0.666667 0.216667 0.198347
10 0.129167 0.819559 0.202778 0.195592
10 0.081944 0.971074 0.163889 0.057851
10 0.322222 0.895317 0.227778 0.209366
10 0.615278 0.801653 0.163889 0.231405
10 0.902778 0.896694 0.194444 0.206612
10 0.822222 0.670799 0.216667 0.190083
10 0.945833 0.530303 0.108333 0.201102
10 0.912500 0.304408 0.175000 0.190083
