6 0.506944 0.500000 0.491667 0.471074
8 0.576389 0.013774 0.075000 0.027548
10 0.075000 0.063361 0.150000 0.126722
10 0.279167 0.022039 0.141667 0.044077
10 0.443056 0.093664 0.208333 0.187328
10 0.893056 0.117080 0.213889 0.234160
10 0.773611 0.318182 0.219444 0.206612
10 0.820833 0.533058 0.197222 0.206612
10 0.947222 0.643251 0.105556 0.206612
10 0.986111 0.399449 0.027778 0.082645
10 0.230556 0.219008 0.211111 0.217631
10 0.166667 0.490358 0.183333 0.220386
10 0.048611 0.659780 0.097222 0.212121
10 0.015278 0.279614 0.030556 0.118457
10 0.212500 0.732782 0.208333 0.187328
10 0.177778 0.932507 0.211111 0.134986
10 0.445833 0.856749 0.219444 0.231405
10 0.648611 0.935262 0.191667 0.129477
10 0.931944 0.949036 0.136111 0.101928
