6 0.505556 0.479339 0.416667 0.534435
10 0.061111 0.027548 0.122222 0.055096
10 0.284722 0.015152 0.152778 0.030303
10 0.670833 0.023416 0.152778 0.046832
10 0.900000 0.061983 0.200000 0.123967
10 0.477778 0.112948 0.200000 0.220386
10 0.250000 0.130854 0.194444 0.179063
10 0.794444 0.243802 0.211111 0.195592
10 0.943056 0.395317 0.113889 0.234160
10 0.783333 0.462810 0.177778 0.198347
10 0.911111 0.632231 0.177778 0.206612
10 0.711111 0.756198 0.233333 0.201102
10 0.844444 0.925620 0.205556 0.148760
10 0.600000 0.921488 0.205556 0.157025
10 0.443056 0.947658 0.208333 0.104683
10 0.325000 0.765840 0.183333 0.209366
10 0.193056 0.955923 0.202778 0.088154
10 0.034722 0.969697 0.069444 0.060606
10 0.112500 0.805785 0.191667 0.195592
10 0.037500 0.497245 0.075000 0.184573
