6 0.504167 0.504132 0.430556 0.418733
8 0.705556 0.293388 0.055556 0.074380
8 0.963889 0.260331 0.072222 0.079890
8 0.990278 0.334711 0.019444 0.057851
10 0.056944 0.066116 0.113889 0.132231
10 0.351389 0.044077 0.213889 0.088154
10 0.483333 0.169421 0.227778 0.206612
10 0.706944 0.093664 0.202778 0.187328
10 0.811111 0.176309 0.216667 0.181818
10 0.976389 0.074380 0.047222 0.148760
10 0.944444 0.567493 0.111111 0.231405
10 0.793056 0.542700 0.169444 0.275482
10 0.980556 0.803030 0.038889 0.140496
10 0.909722 0.954545 0.180556 0.090909
10 0.816667 0.932507 0.194444 0.134986
10 0.680556 0.794766 0.211111 0.212121
10 0.459722 0.867769 0.202778 0.203857
10 0.173611 0.946281 0.191667 0.107438
10 0.256944 0.754821 0.208333 0.225895
10 0.036111 0.903581 0.072222 0.192837
10 0.068056 0.681818 0.136111 0.234160
10 0.150000 0.447658 0.216667 0.206612
10 0.025000 0.471074 0.050000 0.159780
10 0.062500 0.258953 0.125000 0.214876
