6 0.501389 0.500000 0.486111 0.608815
8 0.780556 0.207989 0.055556 0.052342
10 0.036111 0.053719 0.072222 0.107438
10 0.294444 0.099174 0.205556 0.198347
10 0.691667 0.022039 0.150000 0.044077
10 0.869444 0.077135 0.194444 0.154270
10 0.990278 0.031680 0.019444 0.063361
10 0.612500 0.194215 0.175000 0.223140
10 0.820833 0.407713 0.202778 0.176309
10 0.961111 0.323691 0.077778 0.201102
10 0.976389 0.659780 0.047222 0.179063
10 0.809722 0.623967 0.219444 0.190083
10 0.962500 0.910468 0.075000 0.179063
10 0.837500 0.973829 0.125000 0.052342
10 0.797222 0.838843 0.211111 0.195592
10 0.566667 0.867769 0.200000 0.209366
10 0.065278 0.917355 0.130556 0.165289
10 0.193056 0.739669 0.163889 0.173554
10 0.156944 0.498623 0.175000 0.203857
10 0.166667 0.370523 0.216667 0.184573
10 0.033333 0.230028 0.066667 0.173554
10 0.019444 0.460055 0.038889 0.176309
