6 0.506944 0.519284 0.608333 0.564738
10 0.959722 0.150138 0.080556 0.217631
10 0.777778 0.213499 0.194444 0.223140
10 0.575000 0.107438 0.200000 0.214876
10 0.366667 0.134986 0.166667 0.209366
10 0.175000 0.238292 0.155556 0.223140
10 0.025000 0.154270 0.050000 0.165289
10 0.183333 0.522039 0.183333 0.212121
10 0.043056 0.570248 0.086111 0.214876
10 0.048611 0.898072 0.097222 0.203857
10 0.276389 0.688705 0.208333 0.214876
10 0.222222 0.903581 0.211111 0.192837
10 0.561111 0.842975 0.238889 0.165289
10 0.840278 0.623967 0.202778 0.228650
10 0.945833 0.811295 0.108333 0.206612
