6 0.490278 0.546832 0.375000 0.691460
10 0.934722 0.119835 0.130556 0.206612
10 0.813889 0.088154 0.227778 0.176309
10 0.576389 0.117080 0.186111 0.223140
10 0.200000 0.081267 0.222222 0.162534
10 0.031944 0.031680 0.063889 0.063361
10 0.036111 0.490358 0.072222 0.187328
10 0.038889 0.971074 0.077778 0.057851
10 0.281944 0.265840 0.208333 0.201102
10 0.184722 0.680441 0.236111 0.214876
10 0.255556 0.742424 0.161111 0.190083
10 0.940278 0.272727 0.119444 0.247934
10 0.787500 0.509642 0.191667 0.236915
10 0.955556 0.581267 0.088889 0.214876
10 0.795833 0.747934 0.230556 0.223140
10 0.954167 0.852617 0.091667 0.212121
10 0.698611 0.940771 0.258333 0.118457
