6 0.504167 0.520661 0.513889 0.622590
10 0.919444 0.148760 0.161111 0.209366
10 0.745833 0.088154 0.219444 0.176309
10 0.550000 0.045455 0.183333 0.090909
10 0.255556 0.071625 0.194444 0.143251
10 0.065278 0.019284 0.130556 0.038567
10 0.023611 0.079890 0.047222 0.110193
10 0.204167 0.257576 0.197222 0.179063
10 0.134722 0.322314 0.197222 0.198347
10 0.062500 0.679063 0.125000 0.212121
10 0.233333 0.753444 0.244444 0.239669
10 0.034722 0.913223 0.069444 0.173554
10 0.180556 0.954545 0.227778 0.090909
10 0.866667 0.358127 0.172222 0.236915
10 0.984722 0.431129 0.030556 0.129477
10 0.844444 0.618457 0.200000 0.234160
10 0.927778 0.714876 0.144444 0.234160
10 0.923611 0.973829 0.152778 0.052342
10 0.743056 0.902204 0.152778 0.195592
10 0.606944 0.859504 0.219444 0.214876
