6 0.500000 0.501377 0.366667 0.352617
10 0.100000 0.039945 0.177778 0.079890
10 0.188889 0.059229 0.172222 0.118457
10 0.104167 0.199725 0.208333 0.206612
10 0.401389 0.020661 0.163889 0.041322
10 0.476389 0.085399 0.197222 0.154270
10 0.515278 0.188705 0.219444 0.195592
10 0.694444 0.089532 0.194444 0.179063
10 0.783333 0.097796 0.183333 0.195592
10 0.838889 0.027548 0.116667 0.055096
10 0.954167 0.086777 0.091667 0.173554
10 0.820833 0.250689 0.158333 0.187328
10 0.936111 0.334711 0.127778 0.195592
10 0.825000 0.421488 0.200000 0.225895
10 0.952778 0.555096 0.094444 0.195592
10 0.940278 0.986226 0.119444 0.027548
10 0.786111 0.882920 0.200000 0.234160
10 0.759722 0.786501 0.186111 0.195592
10 0.588889 0.931129 0.183333 0.137741
10 0.397222 0.910468 0.183333 0.179063
10 0.069444 0.789256 0.138889 0.217631
