6 0.506944 0.457300 0.425000 0.683196
8 0.976389 0.341598 0.047222 0.088154
10 0.961111 0.031680 0.077778 0.063361
10 0.843056 0.106061 0.163889 0.212121
10 0.634722 0.075758 0.202778 0.151515
10 0.108333 0.089532 0.177778 0.179063
10 0.025000 0.243802 0.050000 0.173554
10 0.136111 0.593664 0.255556 0.206612
10 0.256944 0.782369 0.213889 0.214876
10 0.030556 0.731405 0.061111 0.146006
10 0.045833 0.920110 0.091667 0.159780
10 0.175000 0.977961 0.138889 0.044077
10 0.644444 0.869146 0.194444 0.195592
10 0.893056 0.893939 0.213889 0.190083
10 0.936111 0.634986 0.127778 0.206612
10 0.951389 0.472452 0.097222 0.184573
10 0.759722 0.331956 0.197222 0.195592
