6 0.508333 0.495868 0.516667 0.556474
10 0.944444 0.038567 0.111111 0.077135
10 0.852778 0.169421 0.200000 0.184573
10 0.659722 0.066116 0.247222 0.132231
10 0.368056 0.086777 0.225000 0.173554
10 0.115278 0.057851 0.230556 0.115702
10 0.020833 0.194215 0.041667 0.168044
10 0.169444 0.242424 0.194444 0.203857
10 0.031944 0.424242 0.063889 0.187328
10 0.156944 0.533058 0.197222 0.250689
10 0.069444 0.787879 0.138889 0.214876
10 0.277778 0.801653 0.200000 0.187328
10 0.458333 0.783747 0.194444 0.228650
10 0.150000 0.958678 0.211111 0.082645
10 0.559722 0.929752 0.197222 0.140496
10 0.837500 0.797521 0.197222 0.212121
10 0.966667 0.866391 0.066667 0.184573
10 0.990278 0.422865 0.019444 0.134986
10 0.850000 0.407713 0.205556 0.214876
