6 0.505556 0.512397 0.455556 0.710744
10 0.161111 0.060606 0.166667 0.121212
10 0.026389 0.027548 0.052778 0.055096
10 0.063889 0.264463 0.127778 0.214876
10 0.204167 0.359504 0.208333 0.168044
10 0.400000 0.034435 0.194444 0.068871
10 0.570833 0.068871 0.197222 0.137741
10 0.844444 0.057851 0.250000 0.115702
10 0.973611 0.205234 0.052778 0.162534
10 0.840278 0.254821 0.180556 0.201102
10 0.930556 0.516529 0.138889 0.234160
10 0.823611 0.584022 0.208333 0.231405
10 0.865278 0.847107 0.186111 0.217631
10 0.712500 0.951791 0.197222 0.096419
10 0.384722 0.913223 0.208333 0.173554
10 0.170833 0.785124 0.263889 0.203857
10 0.081944 0.895317 0.163889 0.209366
10 0.212500 0.582645 0.258333 0.234160
