6 0.495833 0.527548 0.425000 0.421488
10 0.029167 0.133609 0.058333 0.184573
10 0.181944 0.192837 0.225000 0.220386
10 0.400000 0.202479 0.205556 0.228650
10 0.544444 0.059229 0.216667 0.118457
10 0.769444 0.110193 0.205556 0.203857
10 0.911111 0.079890 0.177778 0.159780
10 0.930556 0.475207 0.138889 0.206612
10 0.862500 0.727273 0.180556 0.236915
10 0.962500 0.874656 0.075000 0.239669
10 0.738889 0.732782 0.227778 0.220386
10 0.750000 0.965565 0.172222 0.068871
10 0.594444 0.909091 0.211111 0.181818
10 0.381944 0.951791 0.197222 0.096419
10 0.159722 0.939394 0.202778 0.121212
10 0.265278 0.731405 0.213889 0.195592
10 0.090278 0.597796 0.180556 0.214876
10 0.200000 0.432507 0.194444 0.176309
10 0.051389 0.367769 0.102778 0.217631
