6 0.481944 0.508264 0.436111 0.498623
8 0.980556 0.163912 0.038889 0.085399
8 0.983333 0.495868 0.033333 0.038567
10 0.108333 0.041322 0.172222 0.082645
10 0.247222 0.044077 0.166667 0.088154
10 0.036111 0.196970 0.072222 0.157025
10 0.145833 0.245179 0.175000 0.258953
10 0.570833 0.053719 0.219444 0.107438
10 0.558333 0.214876 0.216667 0.220386
10 0.804167 0.086777 0.219444 0.173554
10 0.804167 0.253444 0.219444 0.225895
10 0.947222 0.300275 0.105556 0.181818
10 0.787500 0.392562 0.175000 0.173554
10 0.959722 0.683196 0.080556 0.159780
10 0.837500 0.913223 0.197222 0.173554
10 0.811111 0.706612 0.205556 0.201102
10 0.586111 0.798898 0.166667 0.214876
10 0.497222 0.877410 0.261111 0.195592
10 0.247222 0.898072 0.194444 0.159780
10 0.184722 0.965565 0.147222 0.068871
10 0.213889 0.672176 0.183333 0.275482
