6 0.498611 0.517906 0.430556 0.435262
10 0.915278 0.157025 0.169444 0.236915
10 0.797222 0.119835 0.222222 0.168044
10 0.600000 0.027548 0.177778 0.055096
10 0.626389 0.249311 0.213889 0.190083
10 0.380556 0.198347 0.205556 0.159780
10 0.283333 0.071625 0.244444 0.143251
10 0.088889 0.133609 0.150000 0.206612
10 0.177778 0.265840 0.200000 0.212121
10 0.045833 0.422865 0.091667 0.267218
10 0.169444 0.530303 0.200000 0.184573
10 0.183333 0.652893 0.205556 0.115702
10 0.029167 0.771350 0.058333 0.192837
10 0.098611 0.801653 0.197222 0.231405
10 0.318056 0.884298 0.191667 0.154270
10 0.366667 0.944904 0.244444 0.110193
10 0.173611 0.979339 0.180556 0.041322
10 0.558333 0.863636 0.188889 0.217631
10 0.652778 0.865014 0.144444 0.187328
10 0.911111 0.895317 0.177778 0.181818
10 0.831944 0.847107 0.191667 0.184573
10 0.797222 0.687328 0.194444 0.168044
10 0.955556 0.677686 0.088889 0.187328
10 0.897222 0.522039 0.205556 0.179063
10 0.788889 0.387052 0.188889 0.173554
