6 0.502778 0.501377 0.483333 0.490358
8 0.154167 0.975207 0.091667 0.049587
10 0.248611 0.057851 0.180556 0.115702
10 0.037500 0.013774 0.075000 0.027548
10 0.106944 0.242424 0.169444 0.209366
10 0.290278 0.297521 0.247222 0.253444
10 0.425000 0.137741 0.161111 0.198347
10 0.694444 0.106061 0.200000 0.212121
10 0.911111 0.126722 0.177778 0.220386
10 0.977778 0.491736 0.044444 0.146006
10 0.956944 0.705234 0.086111 0.209366
10 0.977778 0.932507 0.044444 0.134986
10 0.819444 0.920110 0.188889 0.159780
10 0.706944 0.724518 0.252778 0.214876
10 0.625000 0.969697 0.166667 0.060606
10 0.384722 0.955923 0.213889 0.088154
10 0.255556 0.730028 0.194444 0.225895
10 0.065278 0.789256 0.130556 0.179063
10 0.038889 0.497245 0.077778 0.179063
