6 0.512500 0.493113 0.475000 0.495868
10 0.031944 0.196970 0.063889 0.201102
10 0.113889 0.070248 0.205556 0.140496
10 0.206944 0.253444 0.247222 0.247934
10 0.508333 0.052342 0.205556 0.104683
10 0.911111 0.159780 0.177778 0.214876
10 0.979167 0.359504 0.041667 0.146006
10 0.812500 0.391185 0.225000 0.242424
10 0.929167 0.717631 0.141667 0.223140
10 0.783333 0.837466 0.183333 0.192837
10 0.845833 0.979339 0.158333 0.041322
10 0.550000 0.842975 0.238889 0.214876
10 0.309722 0.785124 0.197222 0.214876
10 0.211111 0.699725 0.205556 0.236915
10 0.340278 0.968320 0.191667 0.063361
10 0.112500 0.899449 0.225000 0.201102
10 0.018056 0.716253 0.036111 0.165289
10 0.075000 0.509642 0.150000 0.220386
