6 0.502778 0.504132 0.516667 0.512397
10 0.079167 0.041322 0.158333 0.082645
10 0.225000 0.118457 0.255556 0.220386
10 0.375000 0.039945 0.233333 0.079890
10 0.362500 0.223140 0.236111 0.203857
10 0.608333 0.082645 0.211111 0.165289
10 0.791667 0.157025 0.216667 0.247934
10 0.940278 0.216253 0.119444 0.195592
10 0.976389 0.422865 0.047222 0.173554
10 0.847222 0.516529 0.222222 0.239669
10 0.955556 0.639118 0.088889 0.187328
10 0.929167 0.838843 0.141667 0.173554
10 0.863889 0.969697 0.177778 0.060606
10 0.641667 0.918733 0.227778 0.162534
10 0.536111 0.823691 0.255556 0.209366
10 0.400000 0.979339 0.166667 0.041322
10 0.276389 0.878788 0.219444 0.203857
10 0.063889 0.920110 0.127778 0.159780
10 0.083333 0.633609 0.166667 0.231405
10 0.172222 0.506887 0.194444 0.280992
10 0.079167 0.345730 0.158333 0.212121
