6 0.500000 0.497245 0.477778 0.559229
10 0.194444 0.045455 0.183333 0.090909
10 0.218056 0.181818 0.186111 0.176309
10 0.170833 0.352617 0.169444 0.170799
10 0.054167 0.254821 0.108333 0.201102
10 0.083333 0.516529 0.166667 0.201102
10 0.411111 0.129477 0.205556 0.198347
10 0.779167 0.247934 0.180556 0.220386
10 0.683333 0.304408 0.166667 0.206612
10 0.904167 0.455923 0.191667 0.184573
10 0.819444 0.566116 0.183333 0.217631
10 0.913889 0.701102 0.172222 0.201102
10 0.952778 0.753444 0.094444 0.201102
10 0.956944 0.070248 0.086111 0.140496
10 0.750000 0.831956 0.177778 0.209366
10 0.152778 0.720386 0.222222 0.195592
10 0.026389 0.803030 0.052778 0.201102
10 0.081944 0.969697 0.163889 0.060606
10 0.256944 0.891185 0.186111 0.195592
10 0.468056 0.933884 0.197222 0.132231
10 0.561111 0.915978 0.188889 0.168044
