6 0.506944 0.504132 0.380556 0.380165
10 0.094444 0.177686 0.188889 0.201102
10 0.287500 0.070248 0.208333 0.140496
10 0.323611 0.269972 0.213889 0.192837
10 0.541667 0.161157 0.188889 0.184573
10 0.772222 0.293388 0.200000 0.212121
10 0.819444 0.071625 0.183333 0.143251
10 0.968056 0.022039 0.063889 0.044077
10 0.944444 0.371901 0.111111 0.220386
10 0.819444 0.601928 0.211111 0.206612
10 0.220833 0.495868 0.180556 0.209366
10 0.063889 0.579890 0.127778 0.190083
10 0.276389 0.775482 0.186111 0.217631
10 0.387500 0.946281 0.219444 0.107438
10 0.608333 0.876033 0.211111 0.209366
10 0.050000 0.914601 0.100000 0.170799
