6 0.511111 0.502755 0.366667 0.432507
10 0.079167 0.097796 0.158333 0.190083
10 0.156944 0.070248 0.136111 0.140496
10 0.295833 0.181818 0.197222 0.264463
10 0.418056 0.027548 0.191667 0.055096
10 0.913889 0.038567 0.172222 0.077135
10 0.862500 0.501377 0.180556 0.192837
10 0.988889 0.486226 0.022222 0.112948
10 0.913889 0.710744 0.172222 0.176309
10 0.852778 0.746556 0.188889 0.170799
10 0.634722 0.815427 0.263889 0.148760
10 0.763889 0.944904 0.244444 0.110193
10 0.208333 0.944904 0.238889 0.110193
10 0.084722 0.790634 0.169444 0.214876
10 0.180556 0.746556 0.250000 0.154270
10 0.237500 0.670799 0.186111 0.201102
10 0.034722 0.320937 0.069444 0.179063
