6 0.509722 0.568871 0.475000 0.515152
8 0.805556 0.089532 0.116667 0.101928
10 0.031944 0.033058 0.063889 0.066116
10 0.009722 0.163912 0.019444 0.085399
10 0.130556 0.148760 0.172222 0.187328
10 0.169444 0.241047 0.200000 0.184573
10 0.463889 0.064738 0.211111 0.129477
10 0.584722 0.196970 0.208333 0.190083
10 0.670833 0.150138 0.191667 0.223140
10 0.962500 0.068871 0.075000 0.137741
10 0.906944 0.227273 0.186111 0.195592
10 0.791667 0.387052 0.183333 0.239669
10 0.943056 0.487603 0.113889 0.209366
10 0.809722 0.783747 0.213889 0.190083
10 0.933333 0.885675 0.133333 0.184573
10 0.634722 0.926997 0.213889 0.146006
10 0.366667 0.903581 0.183333 0.192837
10 0.236111 0.732782 0.194444 0.198347
10 0.094444 0.899449 0.188889 0.201102
10 0.025000 0.710744 0.050000 0.165289
10 0.112500 0.567493 0.208333 0.192837
10 0.068056 0.469697 0.136111 0.217631
