6 0.506944 0.497245 0.519444 0.460055
8 0.697222 0.024793 0.083333 0.049587
10 0.030556 0.046832 0.061111 0.093664
10 0.188889 0.073003 0.222222 0.146006
10 0.408333 0.042700 0.183333 0.085399
10 0.775000 0.128099 0.216667 0.195592
10 0.950000 0.078512 0.100000 0.157025
10 0.797222 0.301653 0.205556 0.217631
10 0.943056 0.337466 0.113889 0.184573
10 0.859722 0.561983 0.213889 0.209366
10 0.986111 0.652893 0.027778 0.132231
10 0.763889 0.869146 0.222222 0.190083
10 0.644444 0.971074 0.166667 0.057851
10 0.475000 0.922865 0.188889 0.154270
10 0.441667 0.814050 0.227778 0.179063
10 0.294444 0.987603 0.111111 0.024793
10 0.104167 0.887052 0.208333 0.225895
10 0.225000 0.688705 0.205556 0.192837
10 0.025000 0.730028 0.050000 0.148760
10 0.159722 0.438017 0.197222 0.198347
10 0.091667 0.279614 0.183333 0.228650
