7 0.498611 0.502755 0.430556 0.471074
10 0.662500 0.687328 0.186111 0.212121
10 0.845833 0.703857 0.180556 0.201102
10 0.926389 0.520661 0.147222 0.192837
10 0.875000 0.362259 0.194444 0.190083
10 0.787500 0.512397 0.158333 0.225895
10 0.900000 0.944904 0.188889 0.110193
10 0.504167 0.812672 0.197222 0.192837
10 0.315278 0.812672 0.202778 0.187328
10 0.350000 0.712121 0.166667 0.162534
10 0.179167 0.695592 0.186111 0.184573
10 0.159722 0.882920 0.186111 0.179063
10 0.069444 0.862259 0.138889 0.192837
10 0.193056 0.194215 0.230556 0.206612
10 0.073611 0.046832 0.147222 0.093664
10 0.409722 0.078512 0.186111 0.157025
10 0.261111 0.050964 0.172222 0.101928
10 0.601389 0.035813 0.186111 0.071625
10 0.025000 0.679063 0.050000 0.173554
10 0.031944 0.190083 0.063889 0.143251
