7 0.500000 0.511019 0.361111 0.349862
10 0.834722 0.539945 0.252778 0.236915
10 0.959722 0.484848 0.080556 0.192837
10 0.758333 0.162534 0.177778 0.176309
10 0.830556 0.037190 0.216667 0.074380
10 0.220833 0.085399 0.186111 0.170799
10 0.088889 0.235537 0.177778 0.195592
10 0.562500 0.247934 0.236111 0.181818
10 0.250000 0.370523 0.200000 0.195592
10 0.044444 0.418733 0.088889 0.203857
10 0.115278 0.640496 0.213889 0.201102
10 0.302778 0.750689 0.211111 0.212121
10 0.063889 0.914601 0.127778 0.170799
10 0.406944 0.955923 0.213889 0.088154
10 0.865278 0.958678 0.191667 0.082645
10 0.965278 0.840220 0.069444 0.176309
