7 0.498611 0.502755 0.425000 0.404959
10 0.827778 0.522039 0.238889 0.239669
10 0.951389 0.404959 0.097222 0.203857
10 0.972222 0.220386 0.055556 0.181818
10 0.843056 0.121212 0.241667 0.242424
10 0.562500 0.114325 0.191667 0.195592
10 0.623611 0.066116 0.202778 0.132231
10 0.416667 0.214876 0.200000 0.192837
10 0.306944 0.161157 0.186111 0.190083
10 0.127778 0.085399 0.166667 0.170799
10 0.059722 0.063361 0.119444 0.126722
10 0.108333 0.400826 0.216667 0.234160
10 0.293056 0.878788 0.263889 0.242424
10 0.788889 0.906336 0.250000 0.187328
10 0.926389 0.944904 0.147222 0.110193
