7 0.500000 0.539945 0.416667 0.424242
10 0.187500 0.395317 0.186111 0.223140
10 0.033333 0.344353 0.066667 0.187328
10 0.029167 0.158402 0.058333 0.173554
10 0.088889 0.570248 0.177778 0.198347
10 0.029167 0.774105 0.058333 0.203857
10 0.156944 0.917355 0.197222 0.165289
10 0.176389 0.962810 0.141667 0.074380
10 0.406944 0.924242 0.241667 0.151515
10 0.351389 0.874656 0.213889 0.250689
10 0.631944 0.960055 0.202778 0.079890
10 0.783333 0.858127 0.222222 0.239669
10 0.947222 0.918733 0.105556 0.162534
10 0.747222 0.750689 0.250000 0.223140
10 0.518056 0.769972 0.230556 0.184573
10 0.869444 0.544077 0.255556 0.228650
10 0.741667 0.475207 0.183333 0.239669
10 0.593056 0.265840 0.213889 0.217631
10 0.795833 0.249311 0.202778 0.184573
10 0.952778 0.183196 0.094444 0.190083
10 0.725000 0.034435 0.205556 0.068871
10 0.481944 0.039945 0.225000 0.079890
10 0.173611 0.046832 0.219444 0.093664
