7 0.502778 0.504132 0.438889 0.451791
8 0.054167 0.261708 0.102778 0.082645
10 0.091667 0.252066 0.183333 0.217631
10 0.661111 0.179063 0.222222 0.187328
10 0.843056 0.104683 0.219444 0.209366
10 0.477778 0.064738 0.233333 0.129477
10 0.277778 0.206612 0.188889 0.192837
10 0.152778 0.672176 0.222222 0.247934
10 0.793056 0.360882 0.197222 0.187328
10 0.930556 0.439394 0.138889 0.184573
10 0.913889 0.752066 0.172222 0.209366
10 0.752778 0.867769 0.222222 0.214876
10 0.543056 0.885675 0.208333 0.223140
10 0.420833 0.958678 0.202778 0.082645
10 0.043056 0.836088 0.086111 0.168044
