7 0.500000 0.501377 0.327778 0.325069
10 0.619444 0.772727 0.183333 0.250689
10 0.840278 0.836088 0.236111 0.250689
10 0.802778 0.555096 0.200000 0.195592
10 0.926389 0.421488 0.147222 0.203857
10 0.951389 0.220386 0.097222 0.192837
10 0.937500 0.057851 0.125000 0.115702
10 0.755556 0.046832 0.211111 0.093664
10 0.804167 0.183196 0.180556 0.190083
10 0.597222 0.209366 0.205556 0.203857
10 0.134722 0.068871 0.252778 0.137741
10 0.273611 0.212121 0.197222 0.264463
10 0.230556 0.455923 0.216667 0.223140
10 0.120833 0.669421 0.208333 0.181818
10 0.038889 0.900826 0.077778 0.176309
