7 0.501389 0.500000 0.469444 0.465565
10 0.840278 0.526171 0.186111 0.220386
10 0.950000 0.311295 0.100000 0.225895
10 0.869444 0.107438 0.238889 0.214876
10 0.780556 0.314050 0.200000 0.203857
10 0.625000 0.180441 0.244444 0.217631
10 0.536111 0.049587 0.211111 0.099174
10 0.293056 0.039945 0.147222 0.079890
10 0.291667 0.092287 0.205556 0.184573
10 0.093056 0.152893 0.180556 0.201102
10 0.280556 0.286501 0.188889 0.176309
10 0.168056 0.479339 0.197222 0.209366
10 0.072222 0.674931 0.144444 0.198347
10 0.261111 0.741047 0.216667 0.225895
10 0.519444 0.845730 0.222222 0.198347
10 0.745833 0.731405 0.202778 0.184573
10 0.743056 0.920110 0.225000 0.159780
10 0.931944 0.946281 0.136111 0.107438
10 0.345833 0.938017 0.213889 0.123967
10 0.134722 0.921488 0.191667 0.157025
