7 0.502778 0.505510 0.394444 0.399449
10 0.798611 0.148760 0.208333 0.192837
10 0.293056 0.162534 0.219444 0.209366
10 0.072222 0.395317 0.144444 0.190083
10 0.952778 0.134986 0.094444 0.154270
10 0.945833 0.483471 0.108333 0.195592
10 0.770833 0.780992 0.197222 0.206612
10 0.366667 0.764463 0.172222 0.195592
10 0.490278 0.896694 0.202778 0.206612
10 0.327778 0.932507 0.188889 0.134986
10 0.191667 0.661157 0.166667 0.242424
10 0.222222 0.471074 0.200000 0.192837
10 0.080556 0.037190 0.155556 0.074380
