7 0.501389 0.500000 0.397222 0.393939
10 0.805556 0.351240 0.266667 0.256198
10 0.845833 0.112948 0.275000 0.225895
10 0.954167 0.263085 0.091667 0.223140
10 0.601389 0.162534 0.225000 0.231405
10 0.530556 0.037190 0.194444 0.074380
10 0.325000 0.242424 0.227778 0.269972
10 0.105556 0.239669 0.211111 0.264463
10 0.068056 0.476584 0.136111 0.258953
10 0.069444 0.787879 0.138889 0.236915
10 0.262500 0.717631 0.291667 0.272727
10 0.416667 0.907713 0.238889 0.184573
10 0.677778 0.880165 0.227778 0.239669
10 0.609722 0.803030 0.225000 0.234160
10 0.965278 0.717631 0.069444 0.250689
10 0.837500 0.957300 0.202778 0.085399
10 0.795833 0.574380 0.186111 0.179063
10 0.202778 0.958678 0.166667 0.082645
