7 0.502778 0.553719 0.466667 0.468320
8 0.866667 0.475207 0.083333 0.090909
10 0.815278 0.611570 0.191667 0.192837
10 0.763889 0.707989 0.183333 0.181818
10 0.600000 0.858127 0.238889 0.212121
10 0.745833 0.944904 0.202778 0.110193
10 0.965278 0.574380 0.069444 0.173554
10 0.923611 0.951791 0.152778 0.096419
10 0.902778 0.829201 0.194444 0.214876
10 0.909722 0.692837 0.136111 0.112948
10 0.741667 0.393939 0.227778 0.203857
10 0.801389 0.166667 0.230556 0.239669
10 0.565278 0.230028 0.213889 0.228650
10 0.308333 0.228650 0.205556 0.170799
10 0.298611 0.333333 0.219444 0.181818
10 0.156944 0.658402 0.208333 0.214876
10 0.056944 0.866391 0.113889 0.212121
10 0.031944 0.527548 0.063889 0.184573
10 0.755556 0.033058 0.177778 0.066116
