7 0.498611 0.495868 0.363889 0.341598
7 0.819444 0.290634 0.361111 0.366391
8 0.083333 0.190083 0.077778 0.077135
10 0.118056 0.137741 0.236111 0.236915
10 0.270833 0.271350 0.197222 0.212121
10 0.137500 0.568871 0.175000 0.168044
10 0.072222 0.479339 0.144444 0.137741
10 0.098611 0.633609 0.197222 0.242424
10 0.205556 0.765840 0.300000 0.280992
10 0.415278 0.826446 0.247222 0.258953
10 0.645833 0.792011 0.219444 0.223140
10 0.650000 0.887052 0.211111 0.225895
10 0.920833 0.907713 0.158333 0.184573
10 0.938889 0.663912 0.122222 0.198347
10 0.781944 0.595041 0.258333 0.258953
10 0.937500 0.053719 0.125000 0.107438
