7 0.498611 0.497245 0.391667 0.360882
8 0.609722 0.280992 0.091667 0.077135
10 0.619444 0.122590 0.194444 0.195592
10 0.952778 0.100551 0.094444 0.201102
10 0.836111 0.052342 0.233333 0.104683
10 0.426389 0.067493 0.213889 0.134986
10 0.047222 0.093664 0.094444 0.187328
10 0.072222 0.348485 0.144444 0.195592
10 0.077778 0.658402 0.155556 0.231405
10 0.052778 0.878788 0.105556 0.231405
10 0.252778 0.590909 0.177778 0.179063
10 0.240278 0.439394 0.186111 0.179063
10 0.775000 0.566116 0.188889 0.190083
10 0.765278 0.426997 0.163889 0.170799
10 0.956944 0.468320 0.086111 0.242424
10 0.951389 0.809917 0.097222 0.209366
10 0.900000 0.942149 0.200000 0.115702
10 0.758333 0.771350 0.261111 0.203857
10 0.554167 0.815427 0.202778 0.220386
10 0.434722 0.749311 0.213889 0.192837
