7 0.497222 0.504132 0.394444 0.369146
8 0.840278 0.925620 0.097222 0.093664
10 0.802778 0.789256 0.261111 0.146006
10 0.912500 0.544077 0.175000 0.239669
10 0.780556 0.531680 0.188889 0.258953
10 0.897222 0.309917 0.205556 0.184573
10 0.712500 0.235537 0.191667 0.228650
10 0.220833 0.053719 0.197222 0.107438
10 0.125000 0.198347 0.250000 0.159780
10 0.216667 0.371901 0.172222 0.170799
10 0.034722 0.285124 0.069444 0.107438
10 0.056944 0.487603 0.113889 0.269972
10 0.113889 0.643251 0.183333 0.179063
10 0.252778 0.552342 0.127778 0.228650
10 0.377778 0.701102 0.216667 0.212121
10 0.522222 0.820937 0.283333 0.165289
10 0.923611 0.942149 0.152778 0.115702
10 0.326389 0.932507 0.236111 0.134986
10 0.100000 0.958678 0.200000 0.082645
10 0.037500 0.851240 0.075000 0.148760
