7 0.500000 0.542700 0.461111 0.435262
8 0.701389 0.345730 0.091667 0.096419
10 0.851389 0.061983 0.219444 0.123967
10 0.188889 0.048209 0.305556 0.096419
10 0.930556 0.341598 0.138889 0.231405
10 0.973611 0.426997 0.052778 0.225895
10 0.837500 0.453168 0.219444 0.228650
10 0.827778 0.906336 0.238889 0.187328
10 0.376389 0.852617 0.225000 0.206612
10 0.113889 0.873278 0.227778 0.247934
10 0.118056 0.541322 0.230556 0.245179
10 0.079167 0.772727 0.158333 0.223140
10 0.137500 0.315427 0.219444 0.223140
