7 0.501389 0.500000 0.375000 0.371901
8 0.843056 0.146006 0.063889 0.066116
10 0.879167 0.121212 0.219444 0.225895
10 0.348611 0.224518 0.236111 0.234160
10 0.187500 0.075758 0.247222 0.151515
10 0.070833 0.166667 0.141667 0.212121
10 0.068056 0.395317 0.136111 0.223140
10 0.277778 0.706612 0.233333 0.195592
10 0.348611 0.763085 0.225000 0.220386
10 0.118056 0.873278 0.236111 0.253444
10 0.081944 0.654270 0.163889 0.267218
10 0.779167 0.548209 0.180556 0.236915
10 0.891667 0.366391 0.216667 0.225895
10 0.895833 0.769972 0.208333 0.239669
10 0.679167 0.891185 0.241667 0.217631
10 0.850000 0.958678 0.216667 0.082645
10 0.312500 0.936639 0.197222 0.126722
