7 0.504167 0.502755 0.352778 0.355372
8 0.377778 0.342975 0.077778 0.063361
8 0.230556 0.508264 0.094444 0.079890
10 0.170833 0.359504 0.241667 0.184573
10 0.188889 0.236915 0.216667 0.192837
10 0.068056 0.097796 0.136111 0.195592
10 0.038889 0.231405 0.077778 0.203857
10 0.040278 0.476584 0.080556 0.203857
10 0.179167 0.654270 0.208333 0.206612
10 0.311111 0.822314 0.211111 0.212121
10 0.063889 0.889807 0.127778 0.220386
10 0.612500 0.906336 0.191667 0.187328
10 0.512500 0.921488 0.252778 0.157025
10 0.677778 0.723140 0.194444 0.195592
10 0.862500 0.601928 0.275000 0.190083
10 0.941667 0.798898 0.116667 0.203857
10 0.951389 0.283747 0.097222 0.253444
10 0.877778 0.033058 0.194444 0.066116
10 0.498611 0.187328 0.208333 0.225895
10 0.388889 0.147383 0.183333 0.234160
