7 0.508333 0.500000 0.350000 0.360882
10 0.845833 0.607438 0.197222 0.173554
10 0.743056 0.780992 0.208333 0.223140
10 0.831944 0.298898 0.225000 0.184573
10 0.902778 0.055096 0.194444 0.110193
10 0.962500 0.214876 0.075000 0.187328
10 0.959722 0.509642 0.080556 0.198347
10 0.618056 0.172176 0.180556 0.239669
10 0.691667 0.071625 0.238889 0.143251
10 0.390278 0.044077 0.208333 0.088154
10 0.147222 0.134986 0.222222 0.247934
10 0.084722 0.064738 0.169444 0.129477
10 0.290278 0.325069 0.186111 0.181818
10 0.381944 0.155647 0.258333 0.195592
10 0.068056 0.451791 0.136111 0.165289
10 0.162500 0.585399 0.180556 0.217631
10 0.284722 0.723140 0.208333 0.228650
10 0.429167 0.873278 0.219444 0.242424
10 0.245833 0.900826 0.180556 0.198347
10 0.629167 0.924242 0.213889 0.151515
10 0.893056 0.893939 0.213889 0.212121
