7 0.502778 0.512397 0.394444 0.363636
8 0.800000 0.090909 0.066667 0.066116
10 0.723611 0.039945 0.241667 0.079890
10 0.500000 0.067493 0.205556 0.134986
10 0.112500 0.071625 0.225000 0.143251
10 0.268056 0.314050 0.258333 0.242424
10 0.169444 0.534435 0.238889 0.236915
10 0.069444 0.520661 0.138889 0.242424
10 0.243056 0.655647 0.230556 0.269972
10 0.820833 0.260331 0.269444 0.261708
10 0.929167 0.415978 0.141667 0.269972
10 0.783333 0.508264 0.166667 0.250689
10 0.952778 0.812672 0.094444 0.231405
10 0.643056 0.836088 0.236111 0.250689
10 0.515278 0.778237 0.236111 0.195592
