7 0.506944 0.502755 0.408333 0.393939
10 0.780556 0.359504 0.194444 0.212121
10 0.894444 0.169421 0.177778 0.250689
10 0.694444 0.068871 0.222222 0.137741
10 0.469444 0.132231 0.161111 0.264463
10 0.268056 0.322314 0.197222 0.253444
10 0.056944 0.192837 0.113889 0.198347
10 0.043056 0.406336 0.086111 0.206612
10 0.068056 0.439394 0.136111 0.190083
10 0.215278 0.471074 0.163889 0.258953
10 0.905556 0.589532 0.188889 0.181818
10 0.787500 0.692837 0.230556 0.162534
10 0.909722 0.949036 0.180556 0.101928
10 0.615278 0.775482 0.186111 0.201102
10 0.355556 0.906336 0.194444 0.187328
10 0.244444 0.918733 0.166667 0.162534
10 0.236111 0.684573 0.177778 0.151515
10 0.031944 0.809917 0.063889 0.159780
10 0.072222 0.973829 0.138889 0.052342
