7 0.498611 0.498623 0.419444 0.440771
10 0.383333 0.146006 0.194444 0.214876
10 0.838889 0.077135 0.250000 0.154270
10 0.961111 0.177686 0.077778 0.223140
10 0.668056 0.035813 0.202778 0.071625
10 0.341667 0.019284 0.155556 0.038567
10 0.159722 0.199725 0.208333 0.239669
10 0.066667 0.376033 0.133333 0.201102
10 0.090278 0.590909 0.163889 0.195592
10 0.788889 0.387052 0.227778 0.223140
10 0.843056 0.701102 0.213889 0.206612
10 0.951389 0.775482 0.097222 0.201102
10 0.972222 0.560606 0.055556 0.179063
10 0.680556 0.674931 0.188889 0.209366
10 0.744444 0.939394 0.205556 0.121212
10 0.541667 0.899449 0.177778 0.201102
10 0.588889 0.834711 0.177778 0.187328
10 0.358333 0.928375 0.233333 0.143251
10 0.288889 0.786501 0.200000 0.234160
10 0.266667 0.670799 0.194444 0.190083
10 0.231944 0.962810 0.119444 0.074380
