7 0.501389 0.542700 0.413889 0.424242
10 0.650000 0.779614 0.211111 0.209366
8 0.980556 0.513774 0.038889 0.101928
10 0.793056 0.501377 0.202778 0.203857
10 0.891667 0.330579 0.216667 0.165289
10 0.804167 0.195592 0.180556 0.236915
10 0.951389 0.125344 0.097222 0.228650
10 0.922222 0.048209 0.155556 0.096419
10 0.394444 0.115702 0.177778 0.154270
10 0.095833 0.088154 0.191667 0.176309
10 0.631944 0.296143 0.180556 0.173554
10 0.923611 0.782369 0.152778 0.192837
10 0.794444 0.951791 0.227778 0.096419
10 0.558333 0.936639 0.194444 0.126722
10 0.305556 0.848485 0.222222 0.264463
10 0.101389 0.714876 0.147222 0.195592
10 0.033333 0.460055 0.066667 0.181818
