7 0.505556 0.515152 0.327778 0.330579
10 0.951389 0.513774 0.097222 0.168044
10 0.852778 0.674931 0.222222 0.220386
10 0.679167 0.869146 0.219444 0.261708
10 0.476389 0.786501 0.202778 0.179063
10 0.308333 0.910468 0.216667 0.179063
10 0.133333 0.792011 0.216667 0.201102
10 0.233333 0.573003 0.183333 0.209366
10 0.075000 0.406336 0.150000 0.212121
10 0.279167 0.353994 0.219444 0.201102
10 0.636111 0.246556 0.211111 0.195592
10 0.620833 0.059229 0.213889 0.118457
10 0.330556 0.078512 0.222222 0.157025
10 0.091667 0.085399 0.183333 0.170799
