7 0.504167 0.495868 0.413889 0.435262
10 0.715278 0.698347 0.180556 0.206612
10 0.805556 0.825069 0.172222 0.201102
10 0.863889 0.533058 0.216667 0.195592
10 0.930556 0.334711 0.138889 0.212121
10 0.822222 0.168044 0.188889 0.236915
10 0.918056 0.034435 0.163889 0.068871
10 0.972222 0.126722 0.055556 0.148760
10 0.784722 0.028926 0.152778 0.057851
10 0.636111 0.075758 0.172222 0.151515
10 0.723611 0.329201 0.230556 0.206612
10 0.494444 0.130854 0.100000 0.201102
10 0.495833 0.183196 0.202778 0.190083
10 0.351389 0.060606 0.213889 0.121212
10 0.095833 0.101928 0.191667 0.203857
10 0.251389 0.278237 0.191667 0.187328
10 0.472222 0.783747 0.183333 0.173554
10 0.537500 0.837466 0.186111 0.187328
10 0.766667 0.962810 0.205556 0.074380
10 0.944444 0.958678 0.111111 0.082645
10 0.955556 0.836088 0.088889 0.168044
10 0.554167 0.969697 0.191667 0.060606
10 0.358333 0.921488 0.200000 0.157025
10 0.244444 0.851240 0.116667 0.154270
10 0.218056 0.621212 0.180556 0.245179
10 0.100000 0.593664 0.200000 0.228650
10 0.102778 0.807163 0.172222 0.192837
