7 0.505556 0.506887 0.322222 0.330579
8 0.118056 0.450413 0.113889 0.118457
10 0.186111 0.303030 0.233333 0.209366
10 0.201389 0.139118 0.247222 0.278237
10 0.061111 0.045455 0.122222 0.090909
10 0.530556 0.205234 0.255556 0.267218
10 0.384722 0.074380 0.219444 0.148760
10 0.718056 0.107438 0.241667 0.214876
10 0.913889 0.104683 0.172222 0.209366
10 0.840278 0.466942 0.208333 0.212121
10 0.898611 0.545455 0.202778 0.242424
10 0.766667 0.382920 0.133333 0.093664
10 0.734722 0.672176 0.252778 0.264463
10 0.808333 0.885675 0.244444 0.228650
10 0.958333 0.866391 0.083333 0.234160
10 0.631944 0.947658 0.241667 0.104683
10 0.243056 0.887052 0.219444 0.220386
10 0.102778 0.955923 0.188889 0.088154
