7 0.498611 0.501377 0.430556 0.429752
10 0.651389 0.049587 0.219444 0.099174
10 0.845833 0.305785 0.208333 0.209366
10 0.830556 0.219008 0.216667 0.162534
10 0.897222 0.545455 0.205556 0.192837
10 0.951389 0.440771 0.097222 0.181818
10 0.870833 0.712121 0.175000 0.206612
10 0.908333 0.746556 0.183333 0.209366
10 0.655556 0.815427 0.233333 0.192837
10 0.652778 0.716253 0.200000 0.121212
10 0.406944 0.878788 0.219444 0.225895
10 0.138889 0.917355 0.211111 0.165289
10 0.109722 0.848485 0.219444 0.137741
10 0.098611 0.655647 0.197222 0.214876
10 0.054167 0.710744 0.108333 0.170799
10 0.043056 0.250689 0.086111 0.214876
10 0.063889 0.170799 0.127778 0.209366
