7 0.504167 0.516529 0.430556 0.443526
8 0.931944 0.596419 0.086111 0.090909
8 0.083333 0.075758 0.072222 0.096419
10 0.931944 0.276860 0.136111 0.250689
10 0.840278 0.035813 0.263889 0.071625
10 0.245833 0.206612 0.219444 0.236915
10 0.077778 0.303030 0.155556 0.198347
10 0.187500 0.461433 0.263889 0.228650
10 0.138889 0.696970 0.194444 0.236915
10 0.319444 0.925620 0.200000 0.148760
10 0.486111 0.785124 0.194444 0.187328
10 0.361111 0.779614 0.138889 0.209366
10 0.700000 0.749311 0.233333 0.214876
10 0.904167 0.745179 0.191667 0.184573
10 0.865278 0.938017 0.197222 0.123967
10 0.655556 0.917355 0.227778 0.165289
