7 0.497222 0.501377 0.355556 0.352617
10 0.866667 0.555096 0.244444 0.250689
10 0.762500 0.345730 0.241667 0.212121
10 0.834722 0.123967 0.247222 0.247934
10 0.616667 0.078512 0.211111 0.157025
10 0.395833 0.077135 0.208333 0.154270
10 0.366667 0.242424 0.238889 0.253444
10 0.126389 0.567493 0.219444 0.203857
10 0.101389 0.786501 0.202778 0.234160
10 0.297222 0.713499 0.227778 0.192837
10 0.551389 0.882920 0.213889 0.206612
10 0.794444 0.899449 0.227778 0.201102
10 0.954167 0.772727 0.091667 0.234160
10 0.698611 0.712121 0.263889 0.234160
10 0.052778 0.961433 0.105556 0.077135
