7 0.506944 0.513774 0.363889 0.366391
8 0.795833 0.939394 0.075000 0.071625
10 0.898611 0.968320 0.186111 0.063361
10 0.690278 0.964187 0.191667 0.071625
10 0.579167 0.858127 0.186111 0.201102
10 0.458333 0.962810 0.211111 0.074380
10 0.229167 0.928375 0.208333 0.143251
10 0.056944 0.933884 0.113889 0.132231
10 0.093056 0.754821 0.186111 0.203857
10 0.043056 0.657025 0.086111 0.162534
10 0.173611 0.533058 0.213889 0.217631
10 0.084722 0.292011 0.169444 0.209366
10 0.755556 0.319559 0.238889 0.242424
10 0.798611 0.555096 0.208333 0.206612
10 0.733333 0.668044 0.188889 0.239669
10 0.909722 0.761708 0.180556 0.228650
10 0.919444 0.150138 0.161111 0.206612
10 0.912500 0.059229 0.175000 0.118457
10 0.601389 0.161157 0.230556 0.228650
10 0.290278 0.089532 0.236111 0.179063
10 0.351389 0.253444 0.247222 0.198347
10 0.280556 0.347107 0.205556 0.181818
10 0.130556 0.023416 0.161111 0.046832
