7 0.501389 0.533058 0.336111 0.327824
8 0.930556 0.619835 0.066667 0.071625
10 0.897222 0.779614 0.205556 0.225895
10 0.794444 0.305785 0.222222 0.181818
10 0.716667 0.285124 0.200000 0.217631
10 0.845833 0.053719 0.230556 0.107438
10 0.601389 0.039945 0.186111 0.079890
10 0.262500 0.147383 0.197222 0.201102
10 0.068056 0.198347 0.136111 0.214876
10 0.075000 0.078512 0.150000 0.157025
10 0.045833 0.425620 0.091667 0.201102
10 0.123611 0.629477 0.213889 0.228650
10 0.320833 0.736915 0.197222 0.190083
10 0.095833 0.906336 0.191667 0.187328
10 0.640278 0.840220 0.175000 0.181818
10 0.598611 0.774105 0.180556 0.176309
10 0.763889 0.928375 0.200000 0.143251
10 0.498611 0.188705 0.219444 0.206612
10 0.954167 0.512397 0.091667 0.214876
10 0.979167 0.099174 0.041667 0.198347
