7 0.505556 0.512397 0.377778 0.369146
10 0.743056 0.389807 0.225000 0.223140
10 0.781944 0.203857 0.197222 0.214876
10 0.926389 0.039945 0.147222 0.079890
10 0.973611 0.227273 0.052778 0.184573
10 0.933333 0.393939 0.133333 0.187328
10 0.586111 0.230028 0.200000 0.217631
10 0.513889 0.064738 0.233333 0.129477
10 0.222222 0.044077 0.205556 0.088154
10 0.090278 0.168044 0.180556 0.209366
10 0.118056 0.472452 0.175000 0.179063
10 0.169444 0.632231 0.216667 0.184573
10 0.248611 0.539945 0.197222 0.209366
10 0.351389 0.717631 0.175000 0.168044
10 0.659722 0.690083 0.219444 0.234160
10 0.877778 0.706612 0.200000 0.201102
10 0.741667 0.845730 0.211111 0.214876
10 0.829167 0.949036 0.202778 0.101928
10 0.498611 0.935262 0.230556 0.129477
10 0.251389 0.903581 0.208333 0.181818
10 0.069444 0.811295 0.138889 0.168044
