7 0.526389 0.502755 0.469444 0.482094
1 0.856944 0.466942 0.286111 0.454545
8 0.206944 0.679063 0.036111 0.035813
10 0.372222 0.808540 0.216667 0.223140
10 0.622222 0.856749 0.238889 0.220386
10 0.818056 0.757576 0.191667 0.225895
10 0.833333 0.944904 0.211111 0.110193
10 0.120833 0.856749 0.197222 0.247934
10 0.240278 0.652893 0.241667 0.280992
10 0.113889 0.340220 0.227778 0.195592
10 0.215278 0.264463 0.219444 0.231405
10 0.070833 0.158402 0.141667 0.223140
10 0.452778 0.140496 0.250000 0.220386
10 0.806944 0.106061 0.247222 0.212121
10 0.590278 0.030303 0.163889 0.060606
