7 0.500000 0.512397 0.388889 0.385675
10 0.845833 0.466942 0.180556 0.134986
10 0.811111 0.545455 0.211111 0.209366
10 0.166667 0.425620 0.233333 0.228650
10 0.066667 0.585399 0.133333 0.201102
10 0.025000 0.495868 0.050000 0.253444
10 0.063889 0.068871 0.127778 0.137741
10 0.386111 0.123967 0.233333 0.225895
10 0.597222 0.078512 0.211111 0.157025
10 0.859722 0.078512 0.241667 0.157025
10 0.788889 0.246556 0.172222 0.245179
10 0.718056 0.245179 0.219444 0.247934
10 0.956944 0.911846 0.086111 0.176309
10 0.705556 0.938017 0.227778 0.123967
10 0.533333 0.808540 0.205556 0.212121
10 0.406944 0.914601 0.191667 0.170799
10 0.487500 0.964187 0.180556 0.071625
10 0.309722 0.720386 0.241667 0.201102
10 0.890278 0.976584 0.113889 0.046832
