7 0.498611 0.511019 0.369444 0.371901
10 0.687500 0.286501 0.219444 0.231405
10 0.601389 0.128099 0.186111 0.234160
10 0.886111 0.106061 0.205556 0.201102
10 0.408333 0.152893 0.200000 0.212121
10 0.165278 0.060606 0.197222 0.121212
10 0.152778 0.214876 0.250000 0.209366
10 0.056944 0.363636 0.113889 0.214876
10 0.147222 0.526171 0.205556 0.209366
10 0.206944 0.438017 0.186111 0.220386
10 0.131944 0.742424 0.230556 0.212121
10 0.445833 0.807163 0.208333 0.209366
10 0.768056 0.665289 0.197222 0.201102
10 0.776389 0.884298 0.236111 0.231405
10 0.952778 0.892562 0.094444 0.209366
10 0.211111 0.965565 0.188889 0.068871
