7 0.502778 0.517906 0.355556 0.369146
10 0.400000 0.230028 0.177778 0.173554
10 0.266667 0.155647 0.177778 0.168044
10 0.138889 0.261708 0.194444 0.181818
10 0.102778 0.586777 0.172222 0.214876
10 0.054167 0.595041 0.108333 0.203857
10 0.066667 0.910468 0.133333 0.179063
10 0.151389 0.969697 0.147222 0.060606
10 0.548611 0.876033 0.219444 0.203857
10 0.606944 0.928375 0.191667 0.143251
10 0.812500 0.920110 0.208333 0.159780
10 0.943056 0.673554 0.113889 0.179063
10 0.916667 0.490358 0.166667 0.214876
10 0.884722 0.382920 0.219444 0.220386
10 0.770833 0.563361 0.197222 0.206612
10 0.706944 0.367769 0.191667 0.217631
10 0.640278 0.180441 0.208333 0.184573
10 0.720833 0.057851 0.225000 0.115702
10 0.940278 0.110193 0.119444 0.187328
10 0.973611 0.187328 0.052778 0.170799
