7 0.502778 0.500000 0.377778 0.388430
10 0.355556 0.661157 0.211111 0.220386
10 0.272222 0.385675 0.216667 0.225895
10 0.081944 0.597796 0.163889 0.236915
10 0.205556 0.772727 0.222222 0.195592
10 0.590278 0.853994 0.263889 0.225895
10 0.772222 0.786501 0.238889 0.223140
10 0.930556 0.739669 0.138889 0.217631
10 0.951389 0.252066 0.097222 0.162534
10 0.959722 0.075758 0.080556 0.151515
10 0.738889 0.064738 0.194444 0.129477
10 0.526389 0.101928 0.230556 0.203857
10 0.259722 0.115702 0.252778 0.220386
10 0.061111 0.092287 0.122222 0.184573
