7 0.502778 0.497245 0.361111 0.360882
10 0.225000 0.089532 0.177778 0.179063
10 0.080556 0.057851 0.161111 0.115702
10 0.122222 0.217631 0.216667 0.214876
10 0.351389 0.236915 0.252778 0.231405
10 0.487500 0.108815 0.208333 0.217631
10 0.386111 0.067493 0.144444 0.134986
10 0.141667 0.411846 0.200000 0.201102
10 0.029167 0.371901 0.058333 0.187328
10 0.091667 0.567493 0.183333 0.187328
10 0.877778 0.232782 0.211111 0.190083
10 0.965278 0.213499 0.069444 0.184573
10 0.708333 0.814050 0.166667 0.179063
10 0.963889 0.885675 0.072222 0.223140
10 0.919444 0.949036 0.161111 0.101928
10 0.584722 0.920110 0.191667 0.159780
10 0.498611 0.844353 0.230556 0.261708
10 0.384722 0.902204 0.197222 0.195592
10 0.173611 0.921488 0.197222 0.157025
10 0.029167 0.911846 0.058333 0.176309
