7 0.502778 0.498623 0.405556 0.391185
8 0.373611 0.892562 0.058333 0.055096
10 0.505556 0.819559 0.233333 0.217631
10 0.822222 0.436639 0.233333 0.234160
10 0.731944 0.191460 0.269444 0.239669
10 0.898611 0.070248 0.202778 0.140496
10 0.156944 0.071625 0.241667 0.143251
10 0.087500 0.447658 0.175000 0.228650
10 0.079167 0.573003 0.158333 0.220386
10 0.237500 0.612948 0.219444 0.234160
10 0.276389 0.953168 0.252778 0.093664
10 0.702778 0.938017 0.233333 0.123967
10 0.845833 0.885675 0.175000 0.223140
10 0.919444 0.900826 0.161111 0.198347
10 0.376389 0.268595 0.208333 0.173554
10 0.366667 0.185950 0.238889 0.151515
