7 0.504167 0.500000 0.425000 0.382920
8 0.298611 0.137741 0.080556 0.077135
10 0.134722 0.053719 0.258333 0.107438
10 0.419444 0.055096 0.211111 0.110193
10 0.645833 0.093664 0.236111 0.187328
10 0.783333 0.191460 0.250000 0.195592
10 0.912500 0.177686 0.175000 0.250689
10 0.954167 0.451791 0.091667 0.275482
10 0.806944 0.494490 0.197222 0.245179
10 0.863889 0.734160 0.216667 0.228650
10 0.937500 0.900826 0.125000 0.198347
10 0.779167 0.960055 0.225000 0.079890
10 0.519444 0.785124 0.222222 0.231405
10 0.219444 0.590909 0.200000 0.256198
10 0.151389 0.792011 0.230556 0.223140
10 0.077778 0.392562 0.155556 0.212121
