8 0.504167 0.552342 0.141667 0.134986
10 0.581944 0.365014 0.219444 0.173554
10 0.770833 0.231405 0.236111 0.231405
10 0.768056 0.046832 0.230556 0.093664
10 0.481944 0.172176 0.225000 0.228650
10 0.250000 0.234160 0.205556 0.286501
10 0.034722 0.333333 0.069444 0.181818
10 0.150000 0.696970 0.222222 0.236915
10 0.200000 0.935262 0.227778 0.129477
10 0.447222 0.880165 0.216667 0.239669
10 0.877778 0.716253 0.244444 0.225895
10 0.711111 0.557851 0.227778 0.267218
10 0.913889 0.938017 0.172222 0.123967
