8 0.502778 0.505510 0.172222 0.179063
10 0.611111 0.666667 0.222222 0.225895
10 0.665278 0.249311 0.252778 0.234160
10 0.844444 0.085399 0.211111 0.170799
10 0.590278 0.075758 0.191667 0.151515
10 0.372222 0.088154 0.200000 0.176309
10 0.225000 0.219008 0.177778 0.173554
10 0.062500 0.201102 0.125000 0.198347
10 0.206944 0.442149 0.225000 0.212121
10 0.040278 0.556474 0.080556 0.198347
10 0.123611 0.698347 0.213889 0.234160
10 0.351389 0.646006 0.230556 0.212121
10 0.222222 0.932507 0.166667 0.134986
10 0.031944 0.921488 0.063889 0.157025
10 0.531944 0.893939 0.202778 0.212121
10 0.748611 0.909091 0.197222 0.181818
10 0.926389 0.790634 0.147222 0.292011
10 0.826389 0.637741 0.186111 0.272727
