8 0.509722 0.506887 0.163889 0.165289
10 0.676389 0.319559 0.225000 0.209366
10 0.930556 0.338843 0.138889 0.220386
10 0.598611 0.048209 0.219444 0.096419
10 0.140278 0.195592 0.208333 0.236915
10 0.291667 0.431129 0.222222 0.223140
10 0.145833 0.592287 0.208333 0.209366
10 0.327778 0.761708 0.227778 0.228650
10 0.209722 0.929752 0.225000 0.140496
10 0.050000 0.961433 0.100000 0.077135
10 0.691667 0.735537 0.222222 0.225895
10 0.898611 0.712121 0.202778 0.228650
10 0.702778 0.517906 0.222222 0.187328
