8 0.506944 0.502755 0.197222 0.190083
10 0.733333 0.522039 0.205556 0.212121
10 0.911111 0.373278 0.177778 0.223140
10 0.923611 0.106061 0.152778 0.212121
10 0.176389 0.070248 0.252778 0.140496
10 0.469444 0.216253 0.216667 0.228650
10 0.279167 0.314050 0.230556 0.198347
10 0.122222 0.469697 0.238889 0.212121
10 0.088889 0.681818 0.177778 0.190083
10 0.269444 0.825069 0.222222 0.223140
10 0.509722 0.692837 0.213889 0.179063
10 0.704167 0.815427 0.219444 0.225895
10 0.905556 0.907713 0.188889 0.184573
10 0.504167 0.960055 0.230556 0.079890
