8 0.497222 0.500000 0.172222 0.151515
10 0.193056 0.074380 0.158333 0.148760
10 0.094444 0.101928 0.188889 0.203857
10 0.384722 0.187328 0.230556 0.214876
10 0.638889 0.265840 0.250000 0.217631
10 0.855556 0.125344 0.227778 0.250689
10 0.687500 0.535813 0.219444 0.294766
10 0.804167 0.825069 0.180556 0.272727
10 0.706944 0.775482 0.197222 0.206612
10 0.948611 0.663912 0.102778 0.225895
10 0.955556 0.903581 0.088889 0.192837
10 0.975000 0.404959 0.050000 0.214876
10 0.533333 0.931129 0.233333 0.137741
10 0.281944 0.618457 0.197222 0.278237
10 0.081944 0.798898 0.163889 0.203857
