8 0.505556 0.530303 0.150000 0.162534
8 0.826389 0.888430 0.086111 0.079890
10 0.906944 0.807163 0.186111 0.247934
10 0.640278 0.057851 0.241667 0.115702
10 0.855556 0.152893 0.244444 0.228650
10 0.801389 0.381543 0.241667 0.250689
10 0.965278 0.353994 0.069444 0.195592
10 0.900000 0.568871 0.200000 0.223140
10 0.856944 0.965565 0.191667 0.068871
10 0.669444 0.904959 0.211111 0.190083
10 0.563889 0.714876 0.244444 0.228650
10 0.279167 0.962810 0.180556 0.074380
10 0.084722 0.924242 0.169444 0.151515
10 0.093056 0.709366 0.186111 0.239669
10 0.281944 0.571625 0.236111 0.250689
10 0.155556 0.392562 0.227778 0.228650
10 0.038889 0.500000 0.077778 0.179063
10 0.384722 0.301653 0.236111 0.228650
10 0.620833 0.234160 0.197222 0.198347
10 0.179167 0.157025 0.213889 0.236915
10 0.027778 0.147383 0.055556 0.179063
