8 0.529167 0.539945 0.169444 0.148760
8 0.451389 0.440771 0.119444 0.132231
8 0.180556 0.544077 0.172222 0.184573
10 0.863889 0.878788 0.272222 0.242424
8 0.773611 0.706612 0.075000 0.063361
10 0.902778 0.595041 0.194444 0.176309
10 0.143056 0.949036 0.213889 0.101928
10 0.084722 0.356749 0.169444 0.283747
10 0.351389 0.537190 0.186111 0.253444
10 0.609722 0.349862 0.252778 0.242424
10 0.431944 0.220386 0.208333 0.209366
10 0.358333 0.068871 0.200000 0.137741
10 0.841667 0.037190 0.194444 0.074380
