8 0.505556 0.504132 0.166667 0.143251
8 0.458333 0.380165 0.055556 0.055096
8 0.029167 0.429752 0.058333 0.071625
10 0.193056 0.133609 0.252778 0.267218
10 0.427778 0.223140 0.261111 0.247934
10 0.801389 0.159780 0.247222 0.319559
10 0.852778 0.585399 0.222222 0.327824
10 0.666667 0.847107 0.250000 0.245179
10 0.581944 0.958678 0.225000 0.082645
10 0.361111 0.895317 0.294444 0.209366
10 0.154167 0.928375 0.236111 0.143251
10 0.043056 0.808540 0.086111 0.228650
10 0.280556 0.552342 0.233333 0.190083
10 0.443056 0.712121 0.319444 0.256198
10 0.684722 0.699725 0.252778 0.220386
