8 0.495833 0.500000 0.197222 0.179063
8 0.731944 0.865014 0.080556 0.099174
10 0.627778 0.680441 0.211111 0.225895
10 0.815278 0.566116 0.202778 0.217631
10 0.933333 0.809917 0.133333 0.231405
10 0.962500 0.502755 0.075000 0.201102
10 0.816667 0.932507 0.205556 0.134986
10 0.550000 0.891185 0.216667 0.195592
10 0.341667 0.971074 0.194444 0.057851
10 0.319444 0.814050 0.222222 0.228650
10 0.061111 0.849862 0.122222 0.206612
10 0.162500 0.658402 0.202778 0.203857
10 0.079167 0.314050 0.158333 0.203857
10 0.295833 0.449036 0.208333 0.209366
10 0.340278 0.220386 0.213889 0.220386
10 0.448611 0.093664 0.258333 0.187328
10 0.126389 0.103306 0.219444 0.206612
10 0.725000 0.261708 0.216667 0.225895
10 0.690278 0.048209 0.213889 0.096419
10 0.926389 0.311295 0.147222 0.165289
