8 0.500000 0.504132 0.172222 0.176309
10 0.611111 0.643251 0.216667 0.228650
10 0.636111 0.896694 0.238889 0.206612
10 0.920833 0.699725 0.158333 0.258953
10 0.245833 0.866391 0.186111 0.267218
10 0.052778 0.690083 0.105556 0.195592
10 0.416667 0.728650 0.233333 0.256198
10 0.348611 0.356749 0.230556 0.245179
10 0.152778 0.192837 0.222222 0.225895
10 0.313889 0.055096 0.222222 0.110193
10 0.561111 0.074380 0.244444 0.148760
10 0.768056 0.158402 0.219444 0.256198
10 0.918056 0.057851 0.163889 0.115702
10 0.776389 0.411846 0.225000 0.212121
10 0.563889 0.318182 0.205556 0.217631
