8 0.505556 0.502755 0.155556 0.157025
8 0.440278 0.278237 0.063889 0.066116
10 0.741667 0.407713 0.222222 0.214876
10 0.934722 0.092287 0.130556 0.184573
10 0.693056 0.041322 0.186111 0.082645
10 0.534722 0.143251 0.208333 0.225895
10 0.316667 0.096419 0.205556 0.192837
10 0.122222 0.044077 0.188889 0.088154
10 0.152778 0.238292 0.205556 0.206612
10 0.288889 0.542700 0.222222 0.209366
10 0.101389 0.668044 0.202778 0.223140
10 0.563889 0.684573 0.216667 0.190083
10 0.934722 0.597796 0.130556 0.209366
10 0.902778 0.938017 0.194444 0.123967
10 0.723611 0.842975 0.197222 0.209366
10 0.506944 0.902204 0.219444 0.195592
10 0.322222 0.972452 0.172222 0.055096
