8 0.500000 0.493113 0.138889 0.154270
10 0.905556 0.166667 0.188889 0.206612
10 0.754167 0.060606 0.213889 0.121212
10 0.494444 0.039945 0.211111 0.079890
10 0.229167 0.166667 0.197222 0.223140
10 0.093056 0.314050 0.186111 0.176309
10 0.077778 0.502755 0.155556 0.179063
10 0.084722 0.701102 0.169444 0.195592
10 0.255556 0.769972 0.194444 0.184573
10 0.202778 0.971074 0.194444 0.057851
10 0.468056 0.730028 0.225000 0.209366
10 0.605556 0.885675 0.200000 0.173554
10 0.802778 0.914601 0.200000 0.170799
10 0.725000 0.687328 0.188889 0.217631
10 0.930556 0.400826 0.138889 0.223140
