8 0.494444 0.494490 0.294444 0.294766
8 0.034722 0.063361 0.069444 0.104683
10 0.129167 0.023416 0.169444 0.046832
10 0.941667 0.101928 0.116667 0.203857
10 0.545833 0.126722 0.208333 0.247934
10 0.344444 0.026171 0.144444 0.052342
10 0.061111 0.388430 0.122222 0.253444
10 0.087500 0.876033 0.175000 0.247934
10 0.277778 0.900826 0.194444 0.198347
10 0.465278 0.811295 0.219444 0.228650
10 0.923611 0.903581 0.152778 0.192837
10 0.637500 0.972452 0.169444 0.055096
10 0.702778 0.768595 0.194444 0.209366
10 0.712500 0.597796 0.186111 0.225895
10 0.884722 0.407713 0.230556 0.209366
10 0.368056 0.274105 0.225000 0.217631
10 0.225000 0.480716 0.250000 0.245179
10 0.265278 0.666667 0.219444 0.214876
