8 0.502778 0.504132 0.255556 0.242424
10 0.665278 0.278237 0.236111 0.220386
10 0.856944 0.133609 0.236111 0.217631
10 0.940278 0.234160 0.119444 0.247934
10 0.879167 0.440771 0.230556 0.214876
10 0.831944 0.703857 0.208333 0.239669
10 0.723611 0.601928 0.230556 0.289256
10 0.966667 0.703857 0.066667 0.201102
10 0.868056 0.931129 0.169444 0.137741
10 0.704167 0.936639 0.219444 0.126722
10 0.644444 0.842975 0.216667 0.225895
10 0.408333 0.856749 0.233333 0.231405
10 0.184722 0.860882 0.213889 0.245179
10 0.097222 0.892562 0.194444 0.214876
10 0.345833 0.652893 0.225000 0.209366
10 0.145833 0.553719 0.230556 0.220386
10 0.033333 0.593664 0.066667 0.217631
10 0.105556 0.418733 0.211111 0.198347
10 0.052778 0.154270 0.105556 0.214876
10 0.134722 0.074380 0.269444 0.148760
10 0.331944 0.165289 0.213889 0.225895
10 0.479167 0.187328 0.197222 0.231405
10 0.258333 0.279614 0.227778 0.228650
10 0.586111 0.063361 0.255556 0.126722
