8 0.494444 0.501377 0.194444 0.192837
8 0.791667 0.566116 0.088889 0.090909
10 0.911111 0.673554 0.177778 0.217631
10 0.840278 0.289256 0.236111 0.236915
10 0.938889 0.085399 0.122222 0.170799
10 0.400000 0.038567 0.233333 0.077135
10 0.123611 0.039945 0.247222 0.079890
10 0.275000 0.257576 0.200000 0.201102
10 0.077778 0.494490 0.155556 0.272727
10 0.073611 0.685950 0.147222 0.209366
10 0.273611 0.581267 0.208333 0.225895
10 0.569444 0.710744 0.233333 0.209366
10 0.420833 0.955923 0.236111 0.088154
10 0.230556 0.862259 0.233333 0.236915
