8 0.501389 0.495868 0.197222 0.192837
10 0.727778 0.449036 0.211111 0.236915
10 0.909722 0.242424 0.180556 0.214876
10 0.945833 0.432507 0.108333 0.209366
10 0.754167 0.104683 0.219444 0.209366
10 0.452778 0.068871 0.222222 0.137741
10 0.212500 0.037190 0.213889 0.074380
10 0.418056 0.303030 0.236111 0.225895
10 0.143056 0.276860 0.197222 0.212121
10 0.036111 0.172176 0.072222 0.201102
10 0.166667 0.497245 0.261111 0.217631
10 0.356944 0.650138 0.230556 0.247934
10 0.487500 0.848485 0.191667 0.220386
10 0.720833 0.943526 0.252778 0.112948
10 0.812500 0.787879 0.236111 0.242424
10 0.965278 0.953168 0.069444 0.093664
10 0.272222 0.881543 0.211111 0.209366
10 0.137500 0.719008 0.219444 0.231405
10 0.063889 0.898072 0.127778 0.203857
