8 0.504167 0.501377 0.152778 0.143251
8 0.488889 0.023416 0.083333 0.046832
8 0.233333 0.522039 0.077778 0.063361
10 0.787500 0.048209 0.219444 0.096419
10 0.962500 0.143251 0.075000 0.192837
10 0.902778 0.358127 0.194444 0.225895
10 0.926389 0.604683 0.147222 0.228650
10 0.965278 0.758953 0.069444 0.195592
10 0.919444 0.938017 0.161111 0.123967
10 0.516667 0.666667 0.227778 0.203857
10 0.712500 0.500000 0.241667 0.206612
10 0.322222 0.815427 0.244444 0.247934
10 0.218056 0.962810 0.202778 0.074380
10 0.130556 0.621212 0.205556 0.217631
10 0.043056 0.403581 0.086111 0.223140
10 0.175000 0.292011 0.194444 0.258953
10 0.137500 0.144628 0.219444 0.212121
10 0.390278 0.261708 0.225000 0.214876
10 0.451389 0.129477 0.197222 0.170799
10 0.662500 0.190083 0.225000 0.231405
