8 0.500000 0.495868 0.166667 0.170799
8 0.330556 0.033058 0.072222 0.066116
10 0.079167 0.073003 0.158333 0.146006
10 0.930556 0.133609 0.138889 0.217631
10 0.418056 0.110193 0.275000 0.209366
10 0.227778 0.247934 0.227778 0.220386
10 0.079167 0.479339 0.158333 0.236915
10 0.154167 0.670799 0.236111 0.217631
10 0.163889 0.887052 0.227778 0.181818
10 0.323611 0.775482 0.186111 0.190083
10 0.538889 0.775482 0.200000 0.217631
10 0.384722 0.925620 0.225000 0.148760
10 0.791667 0.935262 0.222222 0.129477
10 0.691667 0.921488 0.211111 0.157025
10 0.852778 0.732782 0.211111 0.203857
10 0.955556 0.893939 0.088889 0.184573
10 0.676389 0.585399 0.219444 0.223140
10 0.670833 0.360882 0.213889 0.209366
10 0.465278 0.307163 0.213889 0.206612
