8 0.501389 0.523416 0.169444 0.159780
8 0.312500 0.548209 0.086111 0.082645
10 0.362500 0.399449 0.219444 0.187328
10 0.148611 0.063361 0.241667 0.126722
10 0.345833 0.079890 0.252778 0.159780
10 0.269444 0.227273 0.238889 0.223140
10 0.058333 0.241047 0.116667 0.223140
10 0.544444 0.217631 0.216667 0.231405
10 0.801389 0.134986 0.230556 0.209366
10 0.916667 0.385675 0.166667 0.214876
10 0.775000 0.538567 0.255556 0.223140
10 0.638889 0.714876 0.216667 0.201102
10 0.911111 0.769972 0.177778 0.223140
10 0.818056 0.935262 0.197222 0.129477
10 0.347222 0.906336 0.250000 0.187328
10 0.058333 0.932507 0.116667 0.134986
10 0.104167 0.787879 0.208333 0.220386
10 0.195833 0.651515 0.213889 0.239669
10 0.420833 0.672176 0.236111 0.225895
10 0.059722 0.500000 0.119444 0.234160
