8 0.501389 0.502755 0.141667 0.134986
10 0.736111 0.404959 0.211111 0.203857
10 0.922222 0.366391 0.155556 0.242424
10 0.950000 0.151515 0.100000 0.192837
10 0.393056 0.254821 0.208333 0.201102
10 0.137500 0.089532 0.208333 0.179063
10 0.093056 0.604683 0.186111 0.250689
10 0.180556 0.805785 0.211111 0.195592
10 0.226389 0.955923 0.197222 0.088154
10 0.059722 0.955923 0.108333 0.088154
10 0.395833 0.772727 0.180556 0.195592
10 0.308333 0.486226 0.205556 0.223140
10 0.630556 0.606061 0.211111 0.214876
10 0.881944 0.769972 0.225000 0.212121
10 0.744444 0.950413 0.205556 0.099174
