8 0.498611 0.500000 0.152778 0.140496
10 0.306944 0.377410 0.236111 0.247934
10 0.505556 0.209366 0.244444 0.264463
10 0.234722 0.030303 0.169444 0.060606
10 0.791667 0.326446 0.211111 0.278237
10 0.661111 0.640496 0.244444 0.223140
10 0.694444 0.873278 0.250000 0.198347
10 0.930556 0.739669 0.138889 0.217631
10 0.933333 0.935262 0.133333 0.129477
10 0.884722 0.964187 0.186111 0.071625
10 0.413889 0.900826 0.244444 0.198347
10 0.080556 0.710744 0.161111 0.225895
10 0.152778 0.928375 0.244444 0.143251
