8 0.497222 0.502755 0.172222 0.173554
8 0.086111 0.265840 0.083333 0.101928
8 0.022222 0.275482 0.044444 0.099174
10 0.120833 0.432507 0.241667 0.203857
10 0.770833 0.093664 0.230556 0.187328
10 0.381944 0.103306 0.225000 0.206612
10 0.270833 0.282369 0.225000 0.212121
10 0.805556 0.349862 0.222222 0.203857
10 0.673611 0.541322 0.180556 0.223140
10 0.918056 0.628099 0.163889 0.203857
10 0.525000 0.871901 0.238889 0.223140
10 0.223611 0.790634 0.208333 0.214876
10 0.331944 0.586777 0.225000 0.176309
10 0.319444 0.505510 0.150000 0.134986
