8 0.591667 0.290634 0.077778 0.079890
8 0.436111 0.370523 0.061111 0.074380
8 0.402778 0.410468 0.066667 0.055096
8 0.427778 0.488981 0.061111 0.063361
8 0.398611 0.595041 0.058333 0.055096
8 0.515278 0.500000 0.058333 0.057851
8 0.565278 0.655647 0.052778 0.066116
8 0.506944 0.577135 0.119444 0.129477
8 0.505556 0.690083 0.077778 0.079890
8 0.379167 0.504132 0.047222 0.044077
8 0.445833 0.436639 0.069444 0.046832
10 0.245833 0.334711 0.225000 0.212121
10 0.350000 0.112948 0.216667 0.225895
10 0.895833 0.403581 0.208333 0.195592
10 0.941667 0.672176 0.116667 0.286501
10 0.781944 0.684573 0.186111 0.190083
10 0.590278 0.783747 0.208333 0.184573
10 0.411111 0.754821 0.144444 0.176309
10 0.101389 0.524793 0.202778 0.223140
10 0.030556 0.926997 0.061111 0.146006
10 0.229167 0.840220 0.202778 0.159780
10 0.186111 0.910468 0.227778 0.179063
