8 0.506944 0.497245 0.169444 0.162534
10 0.741667 0.515152 0.222222 0.214876
10 0.934722 0.566116 0.130556 0.201102
10 0.891667 0.359504 0.216667 0.212121
10 0.875000 0.257576 0.250000 0.190083
10 0.895833 0.066116 0.208333 0.132231
10 0.693056 0.050964 0.191667 0.101928
10 0.175000 0.052342 0.205556 0.104683
10 0.086111 0.195592 0.172222 0.187328
10 0.372222 0.225895 0.216667 0.231405
10 0.356944 0.128099 0.219444 0.190083
10 0.587500 0.293388 0.197222 0.217631
10 0.654167 0.330579 0.180556 0.209366
10 0.850000 0.887052 0.216667 0.214876
10 0.519444 0.939394 0.205556 0.121212
10 0.466667 0.756198 0.183333 0.206612
10 0.270833 0.657025 0.191667 0.206612
10 0.256944 0.574380 0.202778 0.162534
10 0.118056 0.429752 0.202778 0.236915
10 0.183333 0.842975 0.155556 0.209366
10 0.081944 0.818182 0.163889 0.242424
10 0.050000 0.683196 0.100000 0.088154
