8 0.500000 0.505510 0.233333 0.212121
10 0.311111 0.285124 0.227778 0.256198
10 0.345833 0.075758 0.258333 0.151515
10 0.718056 0.107438 0.230556 0.214876
10 0.875000 0.064738 0.250000 0.129477
10 0.972222 0.166667 0.055556 0.201102
10 0.909722 0.404959 0.180556 0.231405
10 0.920833 0.814050 0.158333 0.294766
10 0.737500 0.515152 0.230556 0.280992
10 0.687500 0.793388 0.236111 0.264463
10 0.434722 0.780992 0.258333 0.239669
10 0.455556 0.902204 0.272222 0.195592
10 0.166667 0.804408 0.188889 0.220386
10 0.218056 0.556474 0.219444 0.247934
10 0.097222 0.340220 0.188889 0.223140
10 0.043056 0.462810 0.086111 0.242424
