8 0.505556 0.494490 0.155556 0.168044
10 0.730556 0.411846 0.261111 0.245179
10 0.929167 0.535813 0.141667 0.223140
10 0.852778 0.059229 0.222222 0.118457
10 0.133333 0.085399 0.205556 0.170799
10 0.311111 0.185950 0.216667 0.206612
10 0.061111 0.264463 0.122222 0.209366
10 0.568056 0.265840 0.230556 0.190083
10 0.258333 0.420110 0.177778 0.206612
10 0.341667 0.634986 0.194444 0.190083
10 0.379167 0.771350 0.219444 0.192837
10 0.476389 0.898072 0.247222 0.203857
10 0.109722 0.914601 0.202778 0.170799
10 0.736111 0.910468 0.205556 0.179063
10 0.927778 0.820937 0.144444 0.220386
