8 0.501389 0.538567 0.125000 0.134986
10 0.084722 0.183196 0.169444 0.217631
10 0.193056 0.039945 0.213889 0.079890
10 0.515278 0.067493 0.191667 0.134986
10 0.894444 0.205234 0.211111 0.217631
10 0.944444 0.144628 0.111111 0.195592
10 0.943056 0.450413 0.113889 0.234160
10 0.715278 0.421488 0.180556 0.209366
10 0.704167 0.283747 0.186111 0.181818
10 0.519444 0.348485 0.205556 0.190083
10 0.748611 0.735537 0.219444 0.198347
10 0.790278 0.925620 0.225000 0.148760
10 0.262500 0.516529 0.197222 0.201102
10 0.080556 0.450413 0.161111 0.250689
10 0.054167 0.696970 0.108333 0.198347
10 0.158333 0.880165 0.183333 0.239669
10 0.101389 0.935262 0.202778 0.129477
10 0.351389 0.924242 0.213889 0.151515
