8 0.500000 0.498623 0.194444 0.165289
8 0.219444 0.326446 0.088889 0.096419
8 0.252778 0.763085 0.100000 0.104683
10 0.129167 0.650138 0.225000 0.236915
10 0.893056 0.075758 0.213889 0.151515
10 0.691667 0.140496 0.200000 0.203857
10 0.505556 0.057851 0.222222 0.115702
10 0.300000 0.053719 0.166667 0.107438
10 0.183333 0.174931 0.216667 0.212121
10 0.043056 0.045455 0.086111 0.090909
10 0.383333 0.272727 0.211111 0.220386
10 0.287500 0.480716 0.202778 0.212121
10 0.045833 0.473829 0.091667 0.209366
10 0.022222 0.772727 0.044444 0.168044
10 0.329167 0.593664 0.191667 0.201102
10 0.531944 0.714876 0.197222 0.195592
10 0.727778 0.676309 0.200000 0.212121
10 0.836111 0.882920 0.222222 0.234160
10 0.563889 0.909091 0.216667 0.181818
10 0.272222 0.913223 0.194444 0.157025
10 0.222222 0.969697 0.177778 0.060606
