8 0.501389 0.567493 0.186111 0.176309
10 0.805556 0.305785 0.222222 0.203857
10 0.780556 0.030303 0.211111 0.060606
10 0.663889 0.183196 0.222222 0.245179
10 0.409722 0.326446 0.225000 0.195592
10 0.223611 0.205234 0.236111 0.195592
10 0.104167 0.260331 0.202778 0.250689
10 0.295833 0.524793 0.219444 0.212121
10 0.098611 0.614325 0.197222 0.214876
10 0.193056 0.847107 0.241667 0.228650
10 0.093056 0.914601 0.186111 0.170799
10 0.452778 0.944904 0.227778 0.110193
10 0.616667 0.907713 0.211111 0.184573
10 0.822222 0.921488 0.188889 0.157025
10 0.941667 0.829201 0.116667 0.209366
10 0.975000 0.650138 0.050000 0.181818
