8 0.504167 0.528926 0.191667 0.176309
10 0.588889 0.289256 0.205556 0.187328
10 0.948611 0.128099 0.102778 0.201102
10 0.968056 0.340220 0.063889 0.190083
10 0.518056 0.082645 0.225000 0.165289
10 0.176389 0.100551 0.213889 0.201102
10 0.370833 0.216253 0.202778 0.206612
10 0.077778 0.373278 0.155556 0.206612
10 0.238889 0.421488 0.205556 0.236915
10 0.159722 0.630854 0.191667 0.198347
10 0.054167 0.774105 0.108333 0.165289
10 0.270833 0.804408 0.197222 0.214876
10 0.102778 0.924242 0.205556 0.151515
10 0.475000 0.742424 0.183333 0.239669
10 0.690278 0.473829 0.241667 0.231405
10 0.655556 0.585399 0.216667 0.168044
10 0.877778 0.630854 0.205556 0.214876
10 0.916667 0.812672 0.166667 0.181818
10 0.877778 0.953168 0.244444 0.093664
10 0.686111 0.778237 0.216667 0.212121
10 0.583333 0.939394 0.233333 0.121212
