8 0.511111 0.531680 0.255556 0.269972
10 0.558333 0.285124 0.216667 0.206612
10 0.652778 0.093664 0.194444 0.187328
10 0.829167 0.119835 0.208333 0.239669
10 0.222222 0.031680 0.211111 0.063361
10 0.077778 0.100551 0.155556 0.201102
10 0.134722 0.280992 0.263889 0.209366
10 0.416667 0.367769 0.155556 0.250689
10 0.776389 0.367769 0.197222 0.201102
10 0.906944 0.450413 0.186111 0.195592
10 0.944444 0.652893 0.111111 0.198347
10 0.918056 0.907713 0.163889 0.184573
10 0.726389 0.910468 0.202778 0.179063
10 0.727778 0.685950 0.211111 0.209366
10 0.550000 0.739669 0.250000 0.179063
10 0.550000 0.910468 0.205556 0.179063
10 0.413889 0.936639 0.216667 0.126722
10 0.163889 0.893939 0.255556 0.212121
10 0.050000 0.944904 0.100000 0.110193
10 0.047222 0.668044 0.094444 0.206612
10 0.084722 0.461433 0.169444 0.173554
10 0.275000 0.541322 0.194444 0.239669
10 0.197222 0.674931 0.177778 0.198347
10 0.368056 0.662534 0.175000 0.256198
