8 0.504167 0.500000 0.175000 0.206612
10 0.727778 0.326446 0.250000 0.217631
10 0.827778 0.497245 0.227778 0.223140
10 0.944444 0.297521 0.111111 0.198347
10 0.875000 0.100551 0.166667 0.201102
10 0.704167 0.099174 0.213889 0.198347
10 0.652778 0.632231 0.233333 0.223140
10 0.779167 0.769972 0.241667 0.245179
10 0.909722 0.907713 0.180556 0.184573
10 0.941667 0.712121 0.116667 0.217631
10 0.408333 0.684573 0.233333 0.206612
10 0.283333 0.472452 0.211111 0.206612
10 0.148611 0.793388 0.236111 0.225895
10 0.065278 0.517906 0.130556 0.225895
