8 0.497222 0.571625 0.133333 0.140496
10 0.690278 0.406336 0.186111 0.217631
10 0.902778 0.359504 0.194444 0.234160
10 0.919444 0.107438 0.161111 0.214876
10 0.662500 0.146006 0.247222 0.225895
10 0.397222 0.140496 0.227778 0.225895
10 0.280556 0.022039 0.177778 0.044077
10 0.155556 0.220386 0.255556 0.220386
10 0.247222 0.429752 0.211111 0.225895
10 0.384722 0.469697 0.191667 0.223140
10 0.136111 0.705234 0.227778 0.247934
10 0.101389 0.946281 0.197222 0.107438
10 0.429167 0.827824 0.225000 0.223140
10 0.861111 0.741047 0.211111 0.203857
10 0.895833 0.942149 0.208333 0.115702
