8 0.498611 0.502755 0.180556 0.173554
8 0.933333 0.725895 0.061111 0.068871
10 0.931944 0.765840 0.136111 0.220386
10 0.765278 0.881543 0.219444 0.214876
10 0.654167 0.960055 0.136111 0.079890
10 0.523611 0.800275 0.180556 0.228650
10 0.256944 0.785124 0.219444 0.214876
10 0.177778 0.847107 0.211111 0.228650
10 0.066667 0.955923 0.133333 0.088154
10 0.056944 0.531680 0.113889 0.220386
10 0.030556 0.242424 0.061111 0.236915
10 0.200000 0.256198 0.238889 0.203857
10 0.173611 0.033058 0.236111 0.066116
10 0.290278 0.092287 0.213889 0.184573
10 0.541667 0.071625 0.227778 0.143251
10 0.850000 0.055096 0.233333 0.110193
10 0.926389 0.039945 0.147222 0.079890
10 0.686111 0.409091 0.216667 0.206612
10 0.751389 0.519284 0.208333 0.245179
10 0.463889 0.287879 0.222222 0.184573
