8 0.500000 0.500000 0.133333 0.151515
10 0.336111 0.380165 0.244444 0.225895
10 0.111111 0.172176 0.216667 0.239669
10 0.352778 0.099174 0.255556 0.198347
10 0.594444 0.114325 0.211111 0.228650
10 0.833333 0.165289 0.255556 0.253444
10 0.948611 0.320937 0.102778 0.217631
10 0.751389 0.418733 0.236111 0.214876
10 0.873611 0.597796 0.252778 0.253444
10 0.718056 0.855372 0.241667 0.234160
10 0.594444 0.648760 0.255556 0.239669
10 0.370833 0.738292 0.202778 0.214876
10 0.423611 0.929752 0.247222 0.140496
10 0.156944 0.805785 0.225000 0.223140
10 0.165278 0.550964 0.225000 0.231405
10 0.936111 0.966942 0.127778 0.066116
