8 0.501389 0.520661 0.191667 0.192837
10 0.672222 0.119835 0.238889 0.239669
10 0.748611 0.023416 0.152778 0.046832
10 0.423611 0.023416 0.186111 0.046832
10 0.240278 0.260331 0.291667 0.311295
10 0.937500 0.410468 0.125000 0.253444
10 0.727778 0.641873 0.255556 0.286501
10 0.708333 0.789256 0.261111 0.278237
10 0.636111 0.924242 0.311111 0.151515
10 0.363889 0.899449 0.283333 0.201102
10 0.112500 0.756198 0.225000 0.250689
10 0.033333 0.865014 0.066667 0.231405
10 0.938889 0.797521 0.122222 0.294766
