8 0.500000 0.497245 0.166667 0.146006
8 0.130556 0.130854 0.077778 0.079890
10 0.031944 0.256198 0.063889 0.297521
10 0.113889 0.483471 0.172222 0.223140
10 0.233333 0.706612 0.200000 0.278237
10 0.340278 0.617080 0.225000 0.225895
10 0.100000 0.787879 0.200000 0.220386
10 0.411111 0.866391 0.283333 0.267218
10 0.708333 0.938017 0.305556 0.123967
10 0.694444 0.500000 0.194444 0.250689
10 0.919444 0.188705 0.161111 0.179063
10 0.875000 0.378788 0.250000 0.234160
10 0.577778 0.658402 0.277778 0.192837
8 0.911111 0.946281 0.072222 0.063361
