8 0.497222 0.505510 0.177778 0.151515
10 0.455556 0.308540 0.227778 0.203857
10 0.116667 0.061983 0.233333 0.123967
10 0.504167 0.096419 0.191667 0.192837
10 0.727778 0.188705 0.222222 0.217631
10 0.919444 0.064738 0.161111 0.129477
10 0.177778 0.304408 0.227778 0.223140
10 0.036111 0.421488 0.072222 0.231405
10 0.033333 0.674931 0.066667 0.192837
10 0.068056 0.914601 0.136111 0.170799
10 0.679167 0.632231 0.225000 0.184573
10 0.820833 0.429752 0.225000 0.220386
10 0.836111 0.826446 0.216667 0.209366
10 0.661111 0.944904 0.244444 0.110193
10 0.465278 0.807163 0.258333 0.275482
10 0.181944 0.743802 0.191667 0.209366
