8 0.500000 0.504132 0.183333 0.176309
8 0.816667 0.219008 0.088889 0.068871
10 0.813889 0.381543 0.255556 0.223140
10 0.968056 0.320937 0.063889 0.206612
10 0.938889 0.563361 0.122222 0.239669
10 0.754167 0.592287 0.225000 0.187328
10 0.888889 0.892562 0.222222 0.214876
10 0.429167 0.652893 0.230556 0.225895
10 0.279167 0.768595 0.219444 0.247934
10 0.180556 0.917355 0.238889 0.165289
10 0.093056 0.695592 0.186111 0.283747
10 0.270833 0.486226 0.275000 0.250689
10 0.422222 0.250689 0.205556 0.231405
10 0.625000 0.176309 0.233333 0.286501
10 0.484722 0.049587 0.197222 0.099174
10 0.252778 0.088154 0.261111 0.176309
10 0.186111 0.265840 0.227778 0.212121
10 0.065278 0.101928 0.130556 0.203857
