8 0.504167 0.501377 0.175000 0.170799
10 0.665278 0.387052 0.197222 0.190083
8 0.538889 0.717631 0.105556 0.096419
10 0.781944 0.730028 0.219444 0.214876
10 0.961111 0.670799 0.077778 0.201102
10 0.829167 0.253444 0.202778 0.247934
10 0.925000 0.037190 0.150000 0.074380
10 0.720833 0.039945 0.225000 0.079890
10 0.573611 0.146006 0.225000 0.214876
10 0.363889 0.376033 0.205556 0.206612
10 0.166667 0.347107 0.194444 0.209366
10 0.084722 0.177686 0.169444 0.201102
10 0.272222 0.914601 0.222222 0.170799
10 0.029167 0.928375 0.058333 0.143251
