8 0.500000 0.502755 0.155556 0.162534
10 0.109722 0.071625 0.219444 0.143251
10 0.165278 0.327824 0.208333 0.231405
10 0.322222 0.500000 0.194444 0.223140
10 0.148611 0.776860 0.241667 0.242424
10 0.365278 0.853994 0.186111 0.292011
10 0.068056 0.942149 0.136111 0.115702
10 0.552778 0.713499 0.255556 0.247934
10 0.702778 0.526171 0.233333 0.231405
10 0.919444 0.331956 0.161111 0.250689
10 0.972222 0.119835 0.055556 0.201102
10 0.883333 0.033058 0.172222 0.066116
10 0.755556 0.201102 0.211111 0.203857
10 0.548611 0.316804 0.219444 0.198347
10 0.408333 0.143251 0.227778 0.209366
10 0.688889 0.929752 0.194444 0.140496
10 0.898611 0.965565 0.197222 0.068871
10 0.916667 0.690083 0.166667 0.223140
