8 0.502778 0.502755 0.227778 0.239669
10 0.713889 0.395317 0.183333 0.212121
10 0.615278 0.275482 0.213889 0.209366
10 0.830556 0.188705 0.233333 0.206612
10 0.979167 0.341598 0.041667 0.159780
10 0.884722 0.608815 0.202778 0.203857
10 0.768056 0.619835 0.169444 0.225895
10 0.813889 0.892562 0.211111 0.214876
10 0.970833 0.910468 0.058333 0.179063
10 0.669444 0.881543 0.222222 0.231405
10 0.508333 0.747934 0.216667 0.212121
10 0.436111 0.902204 0.222222 0.195592
10 0.179167 0.811295 0.213889 0.212121
10 0.163889 0.960055 0.200000 0.079890
10 0.268056 0.793388 0.191667 0.220386
10 0.243056 0.590909 0.147222 0.239669
10 0.266667 0.455923 0.205556 0.206612
10 0.086111 0.567493 0.172222 0.275482
10 0.052778 0.637741 0.105556 0.195592
10 0.097222 0.166667 0.188889 0.201102
10 0.226389 0.035813 0.169444 0.071625
10 0.390278 0.144628 0.230556 0.223140
10 0.479167 0.079890 0.219444 0.159780
