8 0.497222 0.473829 0.172222 0.198347
8 0.443056 0.756198 0.091667 0.090909
10 0.448611 0.636364 0.247222 0.181818
10 0.580556 0.767218 0.211111 0.223140
10 0.820833 0.826446 0.241667 0.225895
10 0.630556 0.944904 0.266667 0.110193
10 0.216667 0.815427 0.233333 0.231405
10 0.098611 0.954545 0.197222 0.090909
10 0.143056 0.457300 0.225000 0.209366
10 0.220833 0.556474 0.213889 0.225895
10 0.094444 0.234160 0.188889 0.192837
10 0.040278 0.185950 0.080556 0.195592
10 0.348611 0.157025 0.236111 0.236915
10 0.458333 0.221763 0.222222 0.212121
10 0.719444 0.089532 0.183333 0.179063
10 0.570833 0.039945 0.169444 0.079890
10 0.902778 0.152893 0.194444 0.212121
10 0.923611 0.374656 0.152778 0.225895
10 0.872222 0.599174 0.205556 0.206612
10 0.679167 0.524793 0.197222 0.217631
10 0.654167 0.300275 0.225000 0.220386
