8 0.501389 0.511019 0.152778 0.162534
8 0.805556 0.077135 0.083333 0.104683
10 0.323611 0.039945 0.191667 0.079890
10 0.145833 0.104683 0.208333 0.209366
10 0.091667 0.096419 0.183333 0.192837
10 0.619444 0.170799 0.177778 0.214876
10 0.523611 0.129477 0.241667 0.192837
10 0.522222 0.039945 0.211111 0.079890
10 0.938889 0.150138 0.122222 0.223140
10 0.916667 0.402204 0.166667 0.264463
10 0.840278 0.318182 0.225000 0.212121
10 0.845833 0.615702 0.258333 0.256198
10 0.725000 0.502755 0.244444 0.256198
10 0.600000 0.666667 0.227778 0.236915
10 0.525000 0.823691 0.216667 0.236915
10 0.727778 0.931129 0.250000 0.137741
10 0.937500 0.914601 0.125000 0.170799
10 0.268056 0.887052 0.225000 0.225895
10 0.087500 0.962810 0.175000 0.074380
10 0.095833 0.705234 0.191667 0.231405
10 0.330556 0.634986 0.244444 0.245179
10 0.356944 0.356749 0.230556 0.228650
10 0.252778 0.333333 0.233333 0.247934
10 0.105556 0.355372 0.211111 0.308540
