8 0.495833 0.515152 0.163889 0.154270
8 0.695833 0.242424 0.075000 0.071625
8 0.365278 0.126722 0.075000 0.077135
8 0.184722 0.895317 0.130556 0.104683
10 0.093056 0.955923 0.186111 0.088154
10 0.070833 0.101928 0.141667 0.203857
10 0.276389 0.272727 0.225000 0.258953
10 0.109722 0.421488 0.219444 0.275482
10 0.520833 0.282369 0.252778 0.256198
10 0.586111 0.052342 0.200000 0.104683
10 0.427778 0.035813 0.216667 0.071625
10 0.887500 0.385675 0.225000 0.247934
10 0.725000 0.542700 0.227778 0.236915
10 0.526389 0.680441 0.263889 0.203857
10 0.252778 0.632231 0.261111 0.239669
10 0.554167 0.893939 0.252778 0.212121
10 0.813889 0.895317 0.227778 0.209366
10 0.909722 0.796143 0.180556 0.253444
