8 0.508333 0.500000 0.150000 0.151515
8 0.273611 0.016529 0.075000 0.033058
10 0.455556 0.169421 0.188889 0.195592
10 0.623611 0.111570 0.202778 0.195592
10 0.863889 0.216253 0.188889 0.201102
10 0.843056 0.119835 0.213889 0.201102
10 0.641667 0.319559 0.238889 0.192837
10 0.697222 0.414601 0.200000 0.217631
10 0.819444 0.531680 0.205556 0.192837
10 0.963889 0.691460 0.072222 0.203857
10 0.975000 0.538567 0.050000 0.118457
10 0.940278 0.947658 0.119444 0.104683
10 0.845833 0.816804 0.180556 0.190083
10 0.754167 0.803030 0.169444 0.179063
10 0.515278 0.706612 0.230556 0.201102
10 0.606944 0.928375 0.208333 0.143251
10 0.604167 0.973829 0.158333 0.052342
10 0.387500 0.972452 0.191667 0.055096
10 0.287500 0.867769 0.119444 0.214876
10 0.133333 0.874656 0.194444 0.239669
10 0.113889 0.542700 0.227778 0.192837
10 0.241667 0.388430 0.200000 0.198347
10 0.144444 0.344353 0.188889 0.198347
