8 0.501389 0.501377 0.152778 0.154270
10 0.547222 0.166667 0.205556 0.212121
10 0.756944 0.101928 0.208333 0.203857
10 0.933333 0.084022 0.133333 0.168044
10 0.888889 0.348485 0.183333 0.206612
10 0.802778 0.567493 0.200000 0.203857
10 0.881944 0.787879 0.236111 0.220386
10 0.923611 0.964187 0.152778 0.071625
10 0.679167 0.966942 0.280556 0.066116
10 0.638889 0.702479 0.205556 0.209366
10 0.269444 0.826446 0.211111 0.176309
10 0.047222 0.942149 0.094444 0.115702
10 0.081944 0.356749 0.163889 0.245179
10 0.245833 0.239669 0.225000 0.203857
10 0.348611 0.084022 0.241667 0.168044
10 0.061111 0.033058 0.122222 0.066116
10 0.311111 0.471074 0.227778 0.292011
