8 0.501389 0.519284 0.158333 0.162534
10 0.252778 0.064738 0.216667 0.129477
10 0.134722 0.092287 0.225000 0.184573
10 0.393056 0.196970 0.186111 0.245179
10 0.511111 0.064738 0.227778 0.129477
10 0.695833 0.129477 0.219444 0.220386
10 0.856944 0.232782 0.213889 0.217631
10 0.975000 0.139118 0.050000 0.162534
10 0.666667 0.369146 0.255556 0.247934
10 0.941667 0.479339 0.116667 0.198347
10 0.893056 0.692837 0.213889 0.250689
10 0.781944 0.800275 0.258333 0.239669
10 0.606944 0.685950 0.213889 0.236915
10 0.568056 0.914601 0.241667 0.170799
10 0.702778 0.958678 0.205556 0.082645
10 0.352778 0.848485 0.216667 0.214876
10 0.351389 0.637741 0.202778 0.195592
10 0.134722 0.745179 0.213889 0.151515
10 0.129167 0.925620 0.258333 0.148760
10 0.161111 0.552342 0.222222 0.223140
10 0.088889 0.384298 0.177778 0.201102
10 0.030556 0.600551 0.061111 0.203857
