8 0.500000 0.523416 0.161111 0.143251
10 0.891667 0.439394 0.216667 0.201102
10 0.901389 0.170799 0.197222 0.198347
10 0.709722 0.230028 0.158333 0.206612
10 0.550000 0.146006 0.211111 0.203857
10 0.402778 0.026171 0.166667 0.052342
10 0.108333 0.176309 0.216667 0.203857
10 0.206944 0.340220 0.202778 0.217631
10 0.427778 0.309917 0.216667 0.267218
10 0.812500 0.702479 0.186111 0.236915
10 0.812500 0.925620 0.213889 0.148760
10 0.588889 0.966942 0.177778 0.066116
10 0.425000 0.903581 0.250000 0.192837
10 0.562500 0.702479 0.247222 0.203857
10 0.247222 0.637741 0.216667 0.217631
10 0.075000 0.736915 0.150000 0.212121
10 0.045833 0.516529 0.091667 0.179063
10 0.184722 0.966942 0.186111 0.066116
