8 0.505556 0.538567 0.183333 0.146006
10 0.743056 0.544077 0.219444 0.223140
8 0.434722 0.393939 0.130556 0.126722
10 0.951389 0.042700 0.097222 0.085399
10 0.948611 0.192837 0.102778 0.214876
10 0.781944 0.078512 0.225000 0.157025
10 0.652778 0.089532 0.183333 0.179063
10 0.488889 0.037190 0.161111 0.074380
10 0.201389 0.085399 0.230556 0.170799
10 0.047222 0.049587 0.094444 0.099174
10 0.440278 0.234160 0.213889 0.209366
10 0.638889 0.344353 0.233333 0.236915
10 0.230556 0.415978 0.233333 0.220386
10 0.334722 0.687328 0.236111 0.223140
10 0.075000 0.648760 0.150000 0.217631
10 0.318056 0.904959 0.197222 0.190083
10 0.073611 0.954545 0.147222 0.090909
10 0.509722 0.965565 0.180556 0.068871
10 0.941667 0.917355 0.116667 0.165289
