8 0.505556 0.530303 0.133333 0.146006
10 0.747222 0.316804 0.227778 0.280992
10 0.575000 0.115702 0.244444 0.231405
10 0.630556 0.023416 0.122222 0.046832
10 0.969444 0.129477 0.061111 0.181818
10 0.969444 0.382920 0.061111 0.203857
10 0.915278 0.601928 0.169444 0.223140
10 0.729167 0.502755 0.225000 0.228650
10 0.297222 0.044077 0.211111 0.088154
10 0.086111 0.050964 0.172222 0.101928
10 0.087500 0.330579 0.175000 0.258953
10 0.140278 0.763085 0.208333 0.187328
10 0.530556 0.782369 0.211111 0.220386
10 0.547222 0.953168 0.194444 0.093664
10 0.427778 0.749311 0.233333 0.225895
