8 0.498611 0.497245 0.141667 0.146006
10 0.631944 0.373278 0.247222 0.223140
10 0.905556 0.169421 0.172222 0.217631
10 0.631944 0.141873 0.219444 0.234160
10 0.794444 0.519284 0.233333 0.223140
10 0.966667 0.460055 0.066667 0.198347
10 0.972222 0.727273 0.055556 0.187328
10 0.586111 0.727273 0.222222 0.242424
10 0.419444 0.887052 0.227778 0.225895
10 0.186111 0.913223 0.216667 0.173554
10 0.219444 0.701102 0.227778 0.228650
10 0.100000 0.515152 0.200000 0.236915
10 0.322222 0.472452 0.205556 0.234160
10 0.376389 0.231405 0.225000 0.231405
10 0.236111 0.074380 0.233333 0.148760
10 0.144444 0.279614 0.211111 0.234160
10 0.705556 0.966942 0.194444 0.066116
