8 0.513889 0.495868 0.205556 0.214876
8 0.790278 0.296143 0.113889 0.140496
10 0.391667 0.278237 0.250000 0.231405
10 0.325000 0.407713 0.211111 0.242424
10 0.270833 0.085399 0.225000 0.170799
10 0.072222 0.129477 0.144444 0.258953
10 0.102778 0.471074 0.205556 0.225895
10 0.075000 0.559229 0.150000 0.264463
10 0.238889 0.688705 0.205556 0.220386
10 0.401389 0.853994 0.219444 0.170799
10 0.213889 0.950413 0.200000 0.099174
10 0.625000 0.922865 0.233333 0.154270
10 0.866667 0.968320 0.200000 0.063361
10 0.941667 0.882920 0.116667 0.201102
10 0.690278 0.732782 0.213889 0.203857
10 0.922222 0.641873 0.155556 0.231405
10 0.826389 0.472452 0.225000 0.212121
10 0.972222 0.406336 0.055556 0.157025
10 0.905556 0.236915 0.188889 0.247934
10 0.650000 0.293388 0.211111 0.217631
10 0.676389 0.472452 0.186111 0.272727
10 0.697222 0.060606 0.238889 0.121212
10 0.970833 0.056474 0.058333 0.112948
