8 0.505556 0.501377 0.144444 0.137741
8 0.744444 0.763085 0.066667 0.077135
10 0.915278 0.702479 0.169444 0.209366
10 0.890278 0.914601 0.219444 0.170799
10 0.709722 0.964187 0.175000 0.071625
10 0.483333 0.938017 0.227778 0.123967
10 0.547222 0.885675 0.244444 0.184573
10 0.590278 0.767218 0.191667 0.206612
10 0.425000 0.727273 0.172222 0.231405
10 0.233333 0.935262 0.227778 0.129477
10 0.275000 0.893939 0.188889 0.190083
10 0.290278 0.621212 0.213889 0.201102
10 0.377778 0.428375 0.166667 0.223140
10 0.940278 0.334711 0.119444 0.283747
10 0.980556 0.512397 0.038889 0.132231
10 0.569444 0.169421 0.161111 0.217631
10 0.523611 0.201102 0.147222 0.198347
10 0.373611 0.209366 0.208333 0.242424
10 0.211111 0.362259 0.222222 0.272727
10 0.081944 0.743802 0.163889 0.209366
10 0.077778 0.611570 0.155556 0.154270
10 0.091667 0.571625 0.183333 0.179063
10 0.033333 0.399449 0.066667 0.170799
10 0.098611 0.174931 0.197222 0.228650
10 0.088889 0.048209 0.177778 0.096419
10 0.322222 0.037190 0.205556 0.074380
10 0.563889 0.023416 0.211111 0.046832
10 0.841667 0.033058 0.183333 0.066116
