8 0.497222 0.488981 0.150000 0.184573
8 0.613889 0.147383 0.100000 0.107438
8 0.233333 0.031680 0.061111 0.057851
8 0.856944 0.476584 0.080556 0.093664
8 0.209722 0.488981 0.091667 0.079890
8 0.025000 0.895317 0.050000 0.093664
10 0.029167 0.736915 0.058333 0.195592
10 0.052778 0.363636 0.105556 0.214876
10 0.126389 0.097796 0.219444 0.195592
10 0.616667 0.293388 0.255556 0.195592
10 0.479167 0.205234 0.208333 0.217631
10 0.670833 0.106061 0.213889 0.201102
10 0.858333 0.213499 0.227778 0.212121
10 0.926389 0.063361 0.147222 0.126722
10 0.963889 0.352617 0.072222 0.209366
10 0.895833 0.626722 0.208333 0.228650
10 0.704167 0.524793 0.219444 0.256198
10 0.552778 0.674931 0.211111 0.220386
10 0.668056 0.903581 0.191667 0.192837
10 0.868056 0.859504 0.213889 0.214876
10 0.456944 0.942149 0.230556 0.115702
