8 0.493056 0.544077 0.147222 0.146006
8 0.481944 0.438017 0.091667 0.082645
10 0.588889 0.327824 0.205556 0.192837
10 0.081944 0.085399 0.163889 0.170799
10 0.315278 0.057851 0.236111 0.115702
10 0.227778 0.213499 0.216667 0.212121
10 0.061111 0.440771 0.122222 0.214876
10 0.231944 0.629477 0.219444 0.217631
10 0.087500 0.815427 0.175000 0.209366
10 0.394444 0.906336 0.205556 0.187328
10 0.597222 0.847107 0.205556 0.190083
10 0.834722 0.815427 0.219444 0.220386
10 0.709722 0.964187 0.219444 0.071625
10 0.666667 0.630854 0.255556 0.231405
10 0.334722 0.411846 0.191667 0.228650
10 0.791667 0.426997 0.227778 0.225895
10 0.941667 0.515152 0.116667 0.236915
10 0.965278 0.122590 0.069444 0.190083
10 0.786111 0.128099 0.233333 0.223140
