8 0.501389 0.504132 0.180556 0.187328
8 0.623611 0.666667 0.058333 0.082645
8 0.311111 0.362259 0.138889 0.140496
10 0.047222 0.101928 0.094444 0.203857
10 0.316667 0.177686 0.200000 0.184573
10 0.300000 0.022039 0.166667 0.044077
10 0.112500 0.593664 0.225000 0.223140
10 0.055556 0.887052 0.111111 0.214876
10 0.245833 0.790634 0.236111 0.203857
10 0.438889 0.907713 0.222222 0.184573
10 0.656944 0.786501 0.225000 0.179063
10 0.925000 0.805785 0.150000 0.184573
10 0.318056 0.546832 0.186111 0.217631
10 0.659722 0.431129 0.191667 0.278237
10 0.925000 0.581267 0.150000 0.203857
10 0.811111 0.314050 0.194444 0.203857
10 0.962500 0.345730 0.075000 0.212121
10 0.916667 0.107438 0.166667 0.192837
10 0.727778 0.057851 0.222222 0.115702
10 0.543056 0.235537 0.247222 0.245179
