8 0.497222 0.497245 0.155556 0.146006
10 0.102778 0.042700 0.205556 0.085399
10 0.941667 0.077135 0.116667 0.154270
10 0.941667 0.286501 0.116667 0.231405
10 0.952778 0.814050 0.094444 0.206612
10 0.759722 0.769972 0.202778 0.212121
10 0.684722 0.542700 0.219444 0.220386
10 0.591667 0.650138 0.205556 0.220386
10 0.470833 0.946281 0.219444 0.107438
10 0.122222 0.891185 0.222222 0.206612
10 0.204167 0.665289 0.186111 0.228650
10 0.298611 0.440771 0.208333 0.220386
10 0.052778 0.085399 0.105556 0.170799
10 0.030556 0.312672 0.061111 0.201102
10 0.098611 0.461433 0.180556 0.223140
10 0.441667 0.265840 0.216667 0.190083
10 0.505556 0.165289 0.177778 0.198347
10 0.738889 0.214876 0.216667 0.203857
