8 0.502778 0.493113 0.200000 0.225895
10 0.548611 0.261708 0.175000 0.203857
10 0.654167 0.052342 0.202778 0.104683
10 0.855556 0.075758 0.183333 0.151515
10 0.290278 0.152893 0.225000 0.217631
10 0.756944 0.331956 0.208333 0.184573
10 0.950000 0.439394 0.100000 0.184573
10 0.863889 0.677686 0.200000 0.198347
10 0.815278 0.910468 0.213889 0.179063
10 0.636111 0.745179 0.200000 0.190083
10 0.581944 0.965565 0.236111 0.068871
10 0.372222 0.646006 0.188889 0.212121
10 0.243056 0.494490 0.169444 0.184573
10 0.093056 0.651515 0.186111 0.173554
10 0.070833 0.435262 0.141667 0.209366
10 0.041667 0.867769 0.083333 0.187328
