8 0.502778 0.501377 0.183333 0.181818
10 0.361111 0.322314 0.222222 0.181818
10 0.311111 0.421488 0.200000 0.242424
10 0.202778 0.122590 0.250000 0.217631
10 0.030556 0.119835 0.061111 0.190083
10 0.147222 0.348485 0.211111 0.228650
10 0.466667 0.095041 0.211111 0.190083
10 0.704167 0.342975 0.241667 0.245179
10 0.927778 0.287879 0.144444 0.223140
10 0.808333 0.725895 0.244444 0.239669
10 0.656944 0.590909 0.225000 0.212121
10 0.763889 0.931129 0.238889 0.137741
10 0.402778 0.683196 0.222222 0.231405
10 0.304167 0.870523 0.225000 0.220386
10 0.120833 0.774105 0.208333 0.209366
