8 0.505556 0.498623 0.161111 0.148760
8 0.841667 0.579890 0.055556 0.052342
10 0.744444 0.462810 0.211111 0.258953
10 0.941667 0.376033 0.116667 0.256198
10 0.887500 0.267218 0.225000 0.220386
10 0.661111 0.242424 0.216667 0.225895
10 0.425000 0.250689 0.211111 0.209366
10 0.262500 0.066116 0.213889 0.132231
10 0.036111 0.201102 0.072222 0.198347
10 0.098611 0.585399 0.197222 0.223140
10 0.043056 0.845730 0.086111 0.192837
10 0.219444 0.924242 0.227778 0.151515
10 0.602778 0.951791 0.216667 0.096419
10 0.811111 0.911846 0.200000 0.176309
