8 0.498611 0.500000 0.152778 0.151515
8 0.468056 0.285124 0.063889 0.085399
8 0.205556 0.420110 0.066667 0.074380
8 0.026389 0.928375 0.052778 0.077135
10 0.029167 0.095041 0.058333 0.190083
10 0.469444 0.296143 0.222222 0.250689
10 0.779167 0.085399 0.225000 0.170799
10 0.898611 0.247934 0.186111 0.225895
10 0.979167 0.413223 0.041667 0.203857
10 0.847222 0.600551 0.205556 0.220386
10 0.720833 0.410468 0.225000 0.231405
10 0.608333 0.595041 0.183333 0.203857
10 0.636111 0.670799 0.183333 0.173554
10 0.247222 0.545455 0.200000 0.203857
10 0.326389 0.486226 0.186111 0.206612
