8 0.498611 0.504132 0.147222 0.148760
8 0.883333 0.787879 0.066667 0.055096
10 0.931944 0.869146 0.136111 0.223140
10 0.901389 0.972452 0.163889 0.055096
10 0.729167 0.926997 0.236111 0.146006
10 0.494444 0.933884 0.227778 0.132231
10 0.638889 0.753444 0.222222 0.206612
10 0.562500 0.743802 0.191667 0.214876
10 0.331944 0.792011 0.213889 0.256198
10 0.368056 0.634986 0.208333 0.217631
10 0.186111 0.550964 0.211111 0.236915
10 0.147222 0.906336 0.205556 0.170799
10 0.112500 0.951791 0.225000 0.096419
10 0.050000 0.743802 0.100000 0.236915
10 0.123611 0.314050 0.219444 0.225895
10 0.045833 0.128099 0.091667 0.223140
10 0.413889 0.085399 0.216667 0.170799
10 0.438889 0.275482 0.194444 0.209366
10 0.370833 0.347107 0.247222 0.214876
10 0.775000 0.329201 0.250000 0.234160
10 0.948611 0.188705 0.102778 0.228650
10 0.822222 0.114325 0.233333 0.201102
10 0.700000 0.037190 0.200000 0.074380
10 0.775000 0.559229 0.183333 0.203857
10 0.884722 0.585399 0.230556 0.206612
