8 0.500000 0.498623 0.177778 0.170799
8 0.568056 0.052342 0.113889 0.104683
10 0.340278 0.141873 0.213889 0.223140
10 0.106944 0.039945 0.191667 0.079890
10 0.247222 0.640496 0.244444 0.239669
10 0.379167 0.858127 0.202778 0.201102
10 0.052778 0.918733 0.105556 0.162534
10 0.572222 0.779614 0.227778 0.203857
10 0.683333 0.575758 0.227778 0.220386
10 0.870833 0.307163 0.258333 0.245179
10 0.931944 0.060606 0.136111 0.121212
10 0.920833 0.545455 0.158333 0.220386
10 0.868056 0.738292 0.213889 0.220386
10 0.645833 0.964187 0.208333 0.071625
