8 0.502778 0.502755 0.155556 0.146006
8 0.056944 0.426997 0.086111 0.088154
8 0.319444 0.859504 0.055556 0.049587
10 0.261111 0.431129 0.266667 0.250689
10 0.222222 0.315427 0.244444 0.228650
10 0.059722 0.190083 0.119444 0.220386
10 0.472222 0.119835 0.227778 0.239669
10 0.361111 0.068871 0.227778 0.137741
10 0.888889 0.402204 0.222222 0.209366
10 0.747222 0.573003 0.222222 0.231405
10 0.847222 0.745179 0.211111 0.223140
10 0.633333 0.749311 0.216667 0.220386
10 0.902778 0.947658 0.194444 0.104683
10 0.809722 0.964187 0.163889 0.071625
10 0.402778 0.938017 0.233333 0.123967
10 0.118056 0.853994 0.202778 0.225895
10 0.052778 0.863636 0.105556 0.184573
10 0.331944 0.685950 0.197222 0.198347
10 0.158333 0.717631 0.211111 0.195592
10 0.075000 0.628099 0.150000 0.203857
