8 0.498611 0.497245 0.180556 0.190083
10 0.711111 0.491736 0.172222 0.223140
10 0.925000 0.387052 0.150000 0.217631
10 0.723611 0.216253 0.191667 0.272727
10 0.936111 0.031680 0.127778 0.063361
10 0.504167 0.243802 0.197222 0.173554
10 0.270833 0.272727 0.213889 0.242424
10 0.154167 0.265840 0.280556 0.228650
10 0.126389 0.520661 0.219444 0.192837
10 0.209722 0.798898 0.230556 0.231405
10 0.127778 0.961433 0.211111 0.077135
10 0.023611 0.710744 0.047222 0.159780
10 0.352778 0.608815 0.211111 0.247934
10 0.459722 0.694215 0.263889 0.176309
10 0.465278 0.898072 0.219444 0.203857
10 0.683333 0.929752 0.200000 0.140496
10 0.822222 0.673554 0.244444 0.190083
10 0.930556 0.838843 0.138889 0.201102
