8 0.512500 0.487603 0.175000 0.154270
10 0.640278 0.657025 0.230556 0.190083
10 0.748611 0.373278 0.225000 0.239669
10 0.762500 0.132231 0.219444 0.231405
10 0.420833 0.112948 0.202778 0.198347
10 0.551389 0.307163 0.186111 0.245179
10 0.229167 0.314050 0.208333 0.214876
10 0.031944 0.526171 0.063889 0.198347
10 0.259722 0.855372 0.202778 0.195592
10 0.087500 0.953168 0.175000 0.093664
10 0.386111 0.695592 0.205556 0.223140
10 0.552778 0.911846 0.188889 0.176309
10 0.783333 0.949036 0.205556 0.101928
10 0.912500 0.845730 0.175000 0.198347
10 0.980556 0.684573 0.038889 0.157025
