9 0.502778 0.534435 0.372222 0.446281
10 0.248611 0.048209 0.186111 0.096419
10 0.448611 0.006887 0.080556 0.013774
10 0.593056 0.073003 0.158333 0.146006
10 0.659722 0.147383 0.125000 0.168044
10 0.859722 0.082645 0.202778 0.159780
10 0.297222 0.282369 0.155556 0.168044
10 0.091667 0.308540 0.183333 0.192837
10 0.016667 0.559229 0.033333 0.143251
10 0.106944 0.687328 0.208333 0.157025
10 0.076389 0.877410 0.152778 0.157025
10 0.479167 0.841598 0.213889 0.173554
10 0.429167 0.968320 0.208333 0.063361
10 0.679167 0.954545 0.191667 0.090909
10 0.701389 0.758953 0.158333 0.234160
10 0.884722 0.849862 0.163889 0.201102
10 0.990278 0.903581 0.019444 0.143251
10 0.986111 0.524793 0.027778 0.118457
10 0.806944 0.560606 0.202778 0.201102
10 0.588889 0.367769 0.216667 0.179063
