9 0.501389 0.531680 0.513889 0.545455
8 0.151389 0.524793 0.080556 0.074380
10 0.129167 0.067493 0.202778 0.134986
10 0.380556 0.169421 0.216667 0.212121
10 0.575000 0.155647 0.177778 0.179063
10 0.590278 0.055096 0.169444 0.110193
10 0.813889 0.074380 0.222222 0.148760
10 0.840278 0.303030 0.219444 0.209366
10 0.834722 0.487603 0.175000 0.220386
10 0.806944 0.758953 0.236111 0.201102
10 0.811111 0.972452 0.138889 0.055096
10 0.523611 0.939394 0.186111 0.121212
10 0.600000 0.885675 0.222222 0.123967
10 0.302778 0.914601 0.222222 0.170799
10 0.119444 0.968320 0.200000 0.063361
10 0.034722 0.892562 0.069444 0.159780
10 0.161111 0.789256 0.222222 0.179063
10 0.065278 0.747934 0.130556 0.151515
10 0.062500 0.341598 0.125000 0.192837
