9 0.502778 0.495868 0.438889 0.517906
8 0.020833 0.323691 0.041667 0.090909
10 0.075000 0.170799 0.150000 0.220386
10 0.250000 0.093664 0.188889 0.187328
10 0.591667 0.154270 0.188889 0.170799
10 0.706944 0.097796 0.186111 0.179063
10 0.758333 0.304408 0.188889 0.173554
10 0.779167 0.556474 0.202778 0.247934
10 0.956944 0.600551 0.086111 0.170799
10 0.105556 0.575758 0.211111 0.280992
10 0.072222 0.833333 0.144444 0.184573
10 0.226389 0.925620 0.208333 0.148760
10 0.276389 0.732782 0.186111 0.209366
10 0.469444 0.882920 0.227778 0.179063
10 0.595833 0.742424 0.186111 0.179063
10 0.706944 0.881543 0.202778 0.198347
10 0.913889 0.800275 0.172222 0.179063
10 0.991667 0.958678 0.016667 0.082645
