10 0.015278 0.067493 0.030556 0.134986
10 0.081944 0.337466 0.163889 0.223140
10 0.038889 0.578512 0.077778 0.181818
10 0.101389 0.710744 0.191667 0.159780
10 0.043056 0.962810 0.086111 0.074380
10 0.044444 0.856749 0.088889 0.176309
10 0.241667 0.944904 0.194444 0.110193
10 0.862500 0.909091 0.236111 0.181818
10 0.672222 0.761708 0.216667 0.173554
10 0.323611 0.717631 0.197222 0.212121
10 0.208333 0.512397 0.194444 0.181818
10 0.286111 0.292011 0.205556 0.198347
10 0.411111 0.133609 0.200000 0.146006
10 0.670833 0.119835 0.169444 0.151515
10 0.938889 0.070248 0.122222 0.140496
10 0.843056 0.219008 0.247222 0.184573
10 0.812500 0.417355 0.213889 0.195592
10 0.947222 0.488981 0.105556 0.217631
9 0.508333 0.522039 0.450000 0.382920
8 0.233333 0.099174 0.133333 0.115702
