9 0.497222 0.502755 0.444444 0.449036
10 0.080556 0.376033 0.161111 0.190083
10 0.076389 0.274105 0.152778 0.190083
10 0.087500 0.037190 0.175000 0.074380
10 0.252778 0.168044 0.188889 0.154270
10 0.375000 0.213499 0.244444 0.184573
10 0.366667 0.053719 0.200000 0.107438
10 0.581944 0.089532 0.202778 0.151515
10 0.650000 0.049587 0.200000 0.099174
10 0.876389 0.275482 0.191667 0.181818
10 0.655556 0.247934 0.194444 0.165289
10 0.812500 0.446281 0.169444 0.165289
10 0.916667 0.471074 0.166667 0.170799
10 0.936111 0.555096 0.127778 0.162534
10 0.927778 0.666667 0.144444 0.170799
10 0.905556 0.801653 0.188889 0.203857
10 0.659722 0.922865 0.191667 0.154270
10 0.712500 0.874656 0.141667 0.179063
10 0.200000 0.815427 0.200000 0.209366
10 0.319444 0.805785 0.150000 0.212121
10 0.065278 0.924242 0.130556 0.151515
10 0.011111 0.643251 0.022222 0.118457
10 0.069444 0.644628 0.138889 0.154270
10 0.038889 0.758953 0.077778 0.134986
