9 0.504167 0.516529 0.436111 0.438017
10 0.118056 0.205234 0.169444 0.212121
10 0.029167 0.439394 0.058333 0.179063
10 0.080556 0.688705 0.161111 0.209366
10 0.268056 0.792011 0.202778 0.217631
10 0.023611 0.878788 0.047222 0.121212
10 0.518056 0.910468 0.202778 0.179063
10 0.741667 0.804408 0.222222 0.209366
10 0.906944 0.926997 0.186111 0.146006
10 0.854167 0.511019 0.197222 0.212121
10 0.951389 0.286501 0.097222 0.214876
10 0.737500 0.190083 0.219444 0.220386
10 0.534722 0.079890 0.202778 0.159780
10 0.772222 0.011019 0.094444 0.022039
