9 0.501389 0.523416 0.508333 0.462810
10 0.215278 0.162534 0.252778 0.198347
10 0.315278 0.059229 0.213889 0.112948
10 0.613889 0.196970 0.194444 0.162534
10 0.631944 0.104683 0.219444 0.187328
10 0.825000 0.198347 0.216667 0.187328
10 0.901389 0.296143 0.197222 0.206612
10 0.830556 0.626722 0.216667 0.250689
10 0.813889 0.840220 0.211111 0.176309
10 0.923611 0.961433 0.152778 0.077135
10 0.545833 0.954545 0.191667 0.090909
10 0.511111 0.831956 0.211111 0.143251
10 0.251389 0.942149 0.225000 0.115702
10 0.222222 0.767218 0.211111 0.223140
10 0.340278 0.792011 0.152778 0.184573
10 0.070833 0.436639 0.141667 0.223140
10 0.143056 0.465565 0.208333 0.209366
10 0.105556 0.632231 0.211111 0.173554
