9 0.509722 0.500000 0.552778 0.614325
9 0.301389 0.790634 0.425000 0.363636
5 0.116667 0.544077 0.227778 0.438017
8 0.501389 0.107438 0.080556 0.071625
8 0.890278 0.212121 0.063889 0.082645
8 0.927778 0.137741 0.094444 0.088154
10 0.102778 0.213499 0.127778 0.223140
10 0.300000 0.174931 0.205556 0.195592
10 0.366667 0.045455 0.177778 0.085399
10 0.650000 0.118457 0.172222 0.176309
10 0.840278 0.063361 0.225000 0.126722
10 0.833333 0.389807 0.188889 0.201102
10 0.869444 0.513774 0.194444 0.217631
10 0.886111 0.765840 0.183333 0.209366
10 0.700000 0.757576 0.177778 0.231405
10 0.115278 0.973829 0.152778 0.052342
10 0.293056 0.972452 0.163889 0.055096
