9 0.494444 0.515152 0.461111 0.435262
8 0.834722 0.292011 0.069444 0.077135
10 0.029167 0.084022 0.058333 0.168044
10 0.154167 0.133609 0.208333 0.206612
10 0.597222 0.033058 0.122222 0.066116
10 0.754167 0.099174 0.230556 0.198347
10 0.909722 0.159780 0.180556 0.203857
10 0.725000 0.303030 0.183333 0.214876
10 0.926389 0.442149 0.147222 0.195592
10 0.838889 0.563361 0.222222 0.283747
10 0.859722 0.769972 0.197222 0.217631
10 0.626389 0.811295 0.197222 0.195592
10 0.519444 0.903581 0.244444 0.192837
10 0.058333 0.820937 0.116667 0.203857
10 0.091667 0.767218 0.166667 0.201102
10 0.155556 0.688705 0.211111 0.225895
10 0.151389 0.516529 0.197222 0.168044
10 0.026389 0.458678 0.052778 0.267218
