9 0.504167 0.500000 0.458333 0.526171
8 0.265278 0.070248 0.086111 0.096419
8 0.045833 0.892562 0.091667 0.093664
10 0.041667 0.082645 0.083333 0.165289
10 0.505556 0.024793 0.177778 0.049587
10 0.558333 0.144628 0.194444 0.173554
10 0.772222 0.108815 0.222222 0.217631
10 0.944444 0.063361 0.111111 0.126722
10 0.848611 0.345730 0.197222 0.206612
10 0.973611 0.320937 0.052778 0.112948
10 0.938889 0.500000 0.122222 0.179063
10 0.986111 0.696970 0.027778 0.110193
10 0.723611 0.984848 0.125000 0.030303
10 0.504167 0.965565 0.202778 0.068871
10 0.495833 0.925620 0.197222 0.148760
10 0.643056 0.827824 0.191667 0.195592
10 0.434722 0.860882 0.197222 0.179063
10 0.247222 0.723140 0.216667 0.206612
10 0.195833 0.924242 0.163889 0.151515
10 0.072222 0.632231 0.144444 0.162534
10 0.095833 0.453168 0.191667 0.190083
