9 0.505556 0.501377 0.500000 0.495868
8 0.133333 0.154270 0.072222 0.066116
8 0.127778 0.818182 0.072222 0.060606
10 0.831944 0.077135 0.180556 0.154270
10 0.912500 0.052342 0.108333 0.104683
10 0.854167 0.258953 0.186111 0.209366
10 0.736111 0.236915 0.166667 0.187328
10 0.848611 0.458678 0.169444 0.195592
10 0.976389 0.486226 0.047222 0.162534
10 0.872222 0.628099 0.172222 0.187328
10 0.951389 0.852617 0.091667 0.261708
10 0.518056 0.836088 0.197222 0.173554
10 0.354167 0.918733 0.197222 0.162534
10 0.265278 0.754821 0.169444 0.192837
10 0.169444 0.479339 0.200000 0.231405
10 0.077778 0.669421 0.155556 0.203857
10 0.034722 0.464187 0.069444 0.179063
10 0.411111 0.181818 0.166667 0.181818
10 0.445833 0.123967 0.180556 0.181818
10 0.270833 0.041322 0.180556 0.082645
10 0.079167 0.057851 0.158333 0.115702
