9 0.504167 0.516529 0.347222 0.344353
8 0.579167 0.117080 0.080556 0.079890
10 0.365278 0.095041 0.208333 0.179063
10 0.472222 0.234160 0.222222 0.170799
10 0.698611 0.269972 0.197222 0.176309
10 0.695833 0.048209 0.208333 0.096419
10 0.098611 0.111570 0.197222 0.223140
10 0.061111 0.325069 0.122222 0.192837
10 0.226389 0.435262 0.163889 0.203857
10 0.262500 0.701102 0.225000 0.184573
10 0.222222 0.925620 0.216667 0.148760
10 0.515278 0.986226 0.097222 0.027548
10 0.858333 0.939394 0.166667 0.121212
10 0.988889 0.915978 0.022222 0.118457
10 0.959722 0.647383 0.080556 0.181818
10 0.797222 0.611570 0.205556 0.269972
10 0.686111 0.816804 0.272222 0.245179
