9 0.501389 0.501377 0.413889 0.396694
10 0.052778 0.023416 0.105556 0.046832
10 0.227778 0.125344 0.244444 0.201102
10 0.027778 0.290634 0.055556 0.206612
10 0.156944 0.468320 0.225000 0.148760
10 0.177778 0.356749 0.216667 0.134986
10 0.468056 0.172176 0.202778 0.173554
10 0.897222 0.115702 0.205556 0.181818
10 0.979167 0.522039 0.041667 0.184573
10 0.831944 0.599174 0.169444 0.228650
10 0.947222 0.756198 0.105556 0.173554
10 0.929167 0.940771 0.141667 0.118457
10 0.787500 0.853994 0.202778 0.214876
10 0.547222 0.849862 0.205556 0.223140
10 0.458333 0.794766 0.116667 0.146006
10 0.519444 0.983471 0.138889 0.033058
10 0.272222 0.979339 0.166667 0.041322
10 0.290278 0.840220 0.225000 0.236915
10 0.072222 0.772727 0.144444 0.239669
