9 0.505556 0.520661 0.438889 0.413223
10 0.077778 0.059229 0.155556 0.118457
10 0.184722 0.195592 0.219444 0.214876
10 0.391667 0.158402 0.188889 0.190083
10 0.623611 0.137741 0.180556 0.203857
10 0.786111 0.038567 0.172222 0.077135
10 0.965278 0.373278 0.069444 0.190083
10 0.870833 0.552342 0.219444 0.179063
10 0.901389 0.738292 0.180556 0.165289
10 0.716667 0.714876 0.177778 0.195592
10 0.637500 0.902204 0.180556 0.179063
10 0.455556 0.831956 0.183333 0.181818
10 0.243056 0.860882 0.202778 0.190083
10 0.204167 0.670799 0.197222 0.201102
10 0.151389 0.465565 0.186111 0.170799
10 0.018056 0.552342 0.036111 0.129477
10 0.061111 0.965565 0.122222 0.068871
