11 0.504167 0.495868 0.458333 0.424242
8 0.893056 0.073003 0.086111 0.079890
10 0.780556 0.161157 0.233333 0.201102
10 0.562500 0.039945 0.202778 0.079890
10 0.876389 0.347107 0.213889 0.192837
10 0.909722 0.571625 0.180556 0.217631
10 0.916667 0.848485 0.166667 0.203857
10 0.730556 0.691460 0.316667 0.209366
10 0.551389 0.231405 0.225000 0.165289
10 0.336111 0.042700 0.188889 0.085399
10 0.140278 0.050964 0.169444 0.101928
10 0.105556 0.511019 0.211111 0.201102
10 0.227778 0.619835 0.194444 0.214876
10 0.155556 0.914601 0.211111 0.170799
10 0.383333 0.911846 0.250000 0.176309
10 0.555556 0.939394 0.155556 0.121212
10 0.731944 0.944904 0.230556 0.110193
