11 0.493056 0.506887 0.402778 0.402204
8 0.168056 0.122590 0.086111 0.096419
8 0.094444 0.148760 0.100000 0.121212
10 0.738889 0.115702 0.188889 0.231405
10 0.929167 0.078512 0.141667 0.157025
10 0.586111 0.067493 0.238889 0.134986
10 0.823611 0.249311 0.213889 0.206612
10 0.834722 0.417355 0.213889 0.212121
10 0.972222 0.263085 0.055556 0.212121
10 0.401389 0.212121 0.213889 0.286501
10 0.588889 0.228650 0.227778 0.231405
10 0.236111 0.249311 0.288889 0.212121
10 0.163889 0.455923 0.255556 0.223140
10 0.043056 0.550964 0.086111 0.225895
10 0.081944 0.910468 0.163889 0.179063
10 0.273611 0.922865 0.197222 0.154270
10 0.552778 0.764463 0.283333 0.245179
10 0.381944 0.767218 0.291667 0.179063
10 0.244444 0.575758 0.233333 0.308540
