11 0.502778 0.504132 0.377778 0.374656
10 0.643056 0.169421 0.208333 0.234160
10 0.848611 0.133609 0.197222 0.201102
10 0.916667 0.465565 0.166667 0.220386
10 0.813889 0.502755 0.200000 0.239669
10 0.737500 0.636364 0.158333 0.308540
10 0.897222 0.811295 0.205556 0.228650
10 0.911111 0.727273 0.177778 0.203857
10 0.369444 0.774105 0.205556 0.209366
10 0.094444 0.899449 0.188889 0.201102
10 0.134722 0.685950 0.225000 0.220386
10 0.373611 0.962810 0.225000 0.074380
10 0.604167 0.976584 0.180556 0.046832
10 0.191667 0.480716 0.227778 0.223140
10 0.058333 0.256198 0.116667 0.220386
10 0.184722 0.071625 0.241667 0.143251
10 0.293056 0.268595 0.202778 0.228650
10 0.416667 0.118457 0.194444 0.214876
