11 0.498611 0.498623 0.447222 0.396694
10 0.834722 0.617080 0.208333 0.192837
10 0.876389 0.373278 0.247222 0.228650
10 0.923611 0.205234 0.152778 0.217631
10 0.766667 0.030303 0.188889 0.060606
10 0.112500 0.068871 0.213889 0.137741
10 0.348611 0.108815 0.225000 0.217631
10 0.450000 0.212121 0.238889 0.192837
10 0.105556 0.382920 0.211111 0.269972
10 0.218056 0.442149 0.186111 0.245179
10 0.025000 0.559229 0.050000 0.187328
10 0.084722 0.888430 0.169444 0.223140
10 0.183333 0.935262 0.211111 0.129477
10 0.587500 0.800275 0.197222 0.212121
10 0.727778 0.915978 0.183333 0.168044
10 0.556944 0.957300 0.197222 0.085399
10 0.912500 0.921488 0.175000 0.157025
10 0.944444 0.782369 0.111111 0.231405
10 0.980556 0.524793 0.038889 0.157025
