11 0.504167 0.530303 0.380556 0.415978
10 0.511111 0.185950 0.205556 0.184573
10 0.737500 0.089532 0.230556 0.179063
10 0.902778 0.213499 0.194444 0.195592
10 0.775000 0.377410 0.222222 0.203857
10 0.919444 0.550964 0.161111 0.209366
10 0.712500 0.769972 0.213889 0.212121
10 0.912500 0.848485 0.175000 0.192837
10 0.568056 0.925620 0.202778 0.148760
10 0.344444 0.911846 0.216667 0.176309
10 0.120833 0.910468 0.197222 0.179063
10 0.230556 0.707989 0.233333 0.220386
10 0.177778 0.480716 0.200000 0.201102
10 0.036111 0.380165 0.072222 0.187328
10 0.069444 0.108815 0.138889 0.212121
10 0.270833 0.161157 0.225000 0.201102
