11 0.505556 0.490358 0.427778 0.385675
10 0.675000 0.265840 0.222222 0.217631
10 0.845833 0.122590 0.263889 0.245179
8 0.881944 0.187328 0.041667 0.038567
8 0.861111 0.035813 0.027778 0.022039
8 0.768056 0.077135 0.036111 0.022039
8 0.756944 0.163912 0.025000 0.024793
10 0.919444 0.353994 0.161111 0.206612
10 0.916667 0.566116 0.166667 0.201102
10 0.837500 0.771350 0.175000 0.203857
10 0.738889 0.684573 0.177778 0.261708
10 0.627778 0.910468 0.211111 0.179063
10 0.356944 0.776860 0.230556 0.236915
10 0.369444 0.972452 0.194444 0.055096
10 0.111111 0.942149 0.222222 0.115702
10 0.061111 0.661157 0.122222 0.209366
10 0.054167 0.345730 0.108333 0.217631
10 0.145833 0.497245 0.208333 0.190083
10 0.273611 0.300275 0.180556 0.198347
10 0.393056 0.132231 0.219444 0.203857
10 0.143056 0.106061 0.213889 0.212121
