11 0.502778 0.501377 0.433333 0.446281
10 0.051389 0.122590 0.102778 0.223140
10 0.137500 0.023416 0.158333 0.046832
10 0.508333 0.172176 0.238889 0.201102
10 0.544444 0.035813 0.194444 0.071625
10 0.925000 0.092287 0.150000 0.184573
10 0.888889 0.213499 0.222222 0.212121
10 0.945833 0.407713 0.108333 0.187328
10 0.833333 0.566116 0.222222 0.212121
10 0.883333 0.807163 0.200000 0.214876
10 0.813889 0.920110 0.233333 0.159780
10 0.672222 0.739669 0.183333 0.184573
10 0.290278 0.845730 0.213889 0.203857
10 0.423611 0.765840 0.213889 0.181818
10 0.212500 0.585399 0.186111 0.250689
10 0.115278 0.739669 0.202778 0.250689
10 0.073611 0.935262 0.147222 0.129477
10 0.534722 0.924242 0.208333 0.151515
