11 0.500000 0.505510 0.455556 0.498623
10 0.866667 0.435262 0.250000 0.225895
10 0.958333 0.144628 0.083333 0.228650
10 0.800000 0.084022 0.227778 0.168044
10 0.622222 0.184573 0.227778 0.209366
10 0.287500 0.148760 0.219444 0.231405
10 0.043056 0.190083 0.086111 0.214876
10 0.158333 0.344353 0.227778 0.225895
10 0.036111 0.545455 0.072222 0.187328
10 0.098611 0.731405 0.197222 0.250689
10 0.243056 0.695592 0.213889 0.239669
10 0.370833 0.932507 0.175000 0.134986
10 0.169444 0.931129 0.216667 0.137741
10 0.556944 0.893939 0.225000 0.212121
10 0.700000 0.778237 0.194444 0.223140
10 0.900000 0.683196 0.200000 0.209366
10 0.780556 0.942149 0.144444 0.115702
10 0.926389 0.895317 0.147222 0.209366
