11 0.500000 0.501377 0.411111 0.418733
10 0.175000 0.115702 0.194444 0.192837
10 0.033333 0.060606 0.066667 0.121212
10 0.098611 0.314050 0.197222 0.187328
10 0.651389 0.166667 0.225000 0.217631
10 0.891667 0.066116 0.200000 0.132231
10 0.944444 0.230028 0.111111 0.217631
10 0.819444 0.566116 0.194444 0.173554
10 0.968056 0.662534 0.063889 0.217631
10 0.525000 0.786501 0.250000 0.162534
10 0.504167 0.938017 0.213889 0.123967
10 0.150000 0.933884 0.216667 0.132231
10 0.236111 0.696970 0.227778 0.236915
10 0.077778 0.542700 0.155556 0.220386
10 0.773611 0.964187 0.175000 0.071625
