11 0.504167 0.500000 0.469444 0.443526
10 0.825000 0.706612 0.222222 0.234160
10 0.945833 0.826446 0.108333 0.214876
10 0.855556 0.915978 0.227778 0.168044
10 0.650000 0.847107 0.200000 0.201102
10 0.390278 0.925620 0.219444 0.148760
10 0.309722 0.749311 0.197222 0.214876
10 0.129167 0.646006 0.225000 0.223140
10 0.150000 0.808540 0.216667 0.239669
10 0.084722 0.444904 0.169444 0.217631
10 0.263889 0.235537 0.211111 0.228650
10 0.219444 0.033058 0.200000 0.066116
10 0.504167 0.130854 0.241667 0.217631
10 0.802778 0.060606 0.200000 0.121212
10 0.701389 0.234160 0.213889 0.231405
10 0.893056 0.168044 0.213889 0.192837
10 0.912500 0.286501 0.175000 0.225895
10 0.845833 0.447658 0.225000 0.256198
10 0.975000 0.480716 0.050000 0.195592
