11 0.498611 0.500000 0.402778 0.415978
10 0.779167 0.639118 0.219444 0.242424
10 0.805556 0.457300 0.205556 0.236915
10 0.926389 0.509642 0.147222 0.242424
10 0.752778 0.157025 0.216667 0.220386
10 0.504167 0.097796 0.230556 0.195592
10 0.209722 0.108815 0.219444 0.217631
10 0.059722 0.056474 0.119444 0.112948
10 0.043056 0.382920 0.086111 0.231405
10 0.195833 0.442149 0.197222 0.250689
10 0.072222 0.637741 0.144444 0.228650
10 0.252778 0.694215 0.216667 0.231405
10 0.343056 0.896694 0.258333 0.206612
10 0.179167 0.969697 0.141667 0.060606
10 0.045833 0.914601 0.091667 0.170799
10 0.568056 0.796143 0.269444 0.198347
10 0.608333 0.957300 0.216667 0.085399
10 0.902778 0.951791 0.194444 0.096419
