11 0.501389 0.500000 0.452778 0.509642
8 0.894444 0.150138 0.055556 0.052342
8 0.973611 0.220386 0.052778 0.049587
10 0.908333 0.356749 0.183333 0.234160
10 0.897222 0.093664 0.205556 0.187328
10 0.643056 0.123967 0.208333 0.192837
10 0.587500 0.187328 0.241667 0.187328
10 0.148611 0.279614 0.202778 0.245179
10 0.073611 0.482094 0.147222 0.214876
10 0.051389 0.067493 0.102778 0.134986
10 0.197222 0.674931 0.238889 0.242424
10 0.275000 0.866391 0.227778 0.212121
10 0.151389 0.946281 0.213889 0.107438
10 0.036111 0.889807 0.072222 0.220386
10 0.618056 0.841598 0.208333 0.234160
10 0.836111 0.838843 0.205556 0.239669
10 0.834722 0.566116 0.208333 0.217631
