11 0.498611 0.495868 0.441667 0.363636
10 0.759722 0.252066 0.186111 0.179063
10 0.837500 0.068871 0.236111 0.137741
10 0.930556 0.196970 0.138889 0.217631
10 0.941667 0.454545 0.116667 0.214876
10 0.855556 0.792011 0.227778 0.201102
10 0.943056 0.914601 0.113889 0.170799
10 0.819444 0.539945 0.200000 0.247934
10 0.663889 0.714876 0.194444 0.195592
10 0.800000 0.593664 0.200000 0.179063
10 0.340278 0.081267 0.208333 0.162534
10 0.136111 0.096419 0.177778 0.192837
10 0.079167 0.304408 0.158333 0.195592
10 0.045833 0.447658 0.091667 0.228650
10 0.186111 0.440771 0.200000 0.220386
10 0.295833 0.713499 0.213889 0.203857
10 0.241667 0.651515 0.183333 0.190083
10 0.154167 0.856749 0.236111 0.209366
10 0.072222 0.849862 0.144444 0.223140
10 0.406944 0.924242 0.208333 0.151515
10 0.662500 0.954545 0.225000 0.090909
