11 0.497222 0.502755 0.411111 0.421488
10 0.788889 0.314050 0.205556 0.231405
10 0.930556 0.059229 0.138889 0.118457
10 0.741667 0.093664 0.222222 0.187328
10 0.515278 0.115702 0.208333 0.192837
10 0.047222 0.150138 0.094444 0.179063
10 0.158333 0.404959 0.211111 0.198347
10 0.175000 0.531680 0.205556 0.214876
10 0.205556 0.761708 0.211111 0.206612
10 0.056944 0.876033 0.113889 0.209366
10 0.263889 0.932507 0.200000 0.134986
10 0.469444 0.972452 0.200000 0.055096
10 0.601389 0.867769 0.225000 0.225895
10 0.850000 0.921488 0.205556 0.157025
10 0.936111 0.772727 0.127778 0.206612
10 0.802778 0.735537 0.261111 0.203857
10 0.902778 0.539945 0.194444 0.220386
10 0.972222 0.276860 0.055556 0.184573
