11 0.506944 0.504132 0.469444 0.402204
8 0.840278 0.628099 0.097222 0.093664
8 0.930556 0.698347 0.094444 0.096419
8 0.141667 0.790634 0.088889 0.077135
10 0.063889 0.371901 0.127778 0.242424
10 0.097222 0.479339 0.194444 0.181818
10 0.361111 0.165289 0.183333 0.209366
10 0.188889 0.210744 0.188889 0.201102
10 0.237500 0.340220 0.219444 0.201102
10 0.420833 0.027548 0.208333 0.055096
10 0.702778 0.030303 0.161111 0.060606
10 0.711111 0.216253 0.200000 0.201102
10 0.913889 0.220386 0.172222 0.225895
10 0.966667 0.348485 0.066667 0.217631
10 0.787500 0.450413 0.163889 0.239669
10 0.959722 0.579890 0.080556 0.206612
10 0.927778 0.823691 0.144444 0.187328
10 0.763889 0.687328 0.244444 0.184573
10 0.230556 0.636364 0.222222 0.203857
10 0.552778 0.863636 0.205556 0.223140
10 0.380556 0.896694 0.188889 0.206612
10 0.169444 0.853994 0.244444 0.203857
10 0.031944 0.629477 0.063889 0.173554
10 0.031944 0.921488 0.063889 0.157025
