11 0.497222 0.498623 0.405556 0.424242
8 0.702778 0.152893 0.094444 0.101928
10 0.800000 0.061983 0.233333 0.123967
10 0.973611 0.064738 0.052778 0.129477
10 0.318056 0.181818 0.197222 0.214876
10 0.287500 0.019284 0.175000 0.038567
10 0.056944 0.371901 0.113889 0.231405
10 0.077778 0.538567 0.155556 0.223140
10 0.227778 0.392562 0.211111 0.239669
10 0.279167 0.611570 0.208333 0.292011
10 0.220833 0.811295 0.230556 0.228650
10 0.063889 0.918733 0.127778 0.162534
10 0.476389 0.891185 0.213889 0.206612
10 0.720833 0.801653 0.208333 0.203857
10 0.927778 0.869146 0.144444 0.206612
10 0.937500 0.644628 0.125000 0.209366
10 0.919444 0.417355 0.161111 0.206612
10 0.748611 0.294766 0.225000 0.214876
10 0.794444 0.567493 0.188889 0.214876
10 0.523611 0.026171 0.186111 0.052342
