11 0.505556 0.504132 0.483333 0.352617
8 0.969444 0.152893 0.061111 0.063361
10 0.880556 0.150138 0.205556 0.234160
10 0.709722 0.174931 0.219444 0.228650
10 0.676389 0.030303 0.191667 0.060606
10 0.511111 0.158402 0.211111 0.212121
10 0.040278 0.073003 0.080556 0.146006
10 0.137500 0.256198 0.213889 0.297521
10 0.122222 0.391185 0.244444 0.176309
10 0.138889 0.561983 0.250000 0.203857
10 0.276389 0.713499 0.247222 0.203857
10 0.043056 0.734160 0.086111 0.217631
10 0.209722 0.895317 0.219444 0.209366
10 0.401389 0.961433 0.230556 0.077135
10 0.598611 0.772727 0.236111 0.195592
10 0.812500 0.593664 0.208333 0.206612
10 0.879167 0.393939 0.208333 0.225895
10 0.909722 0.752066 0.180556 0.236915
10 0.794444 0.837466 0.188889 0.214876
10 0.768056 0.918733 0.247222 0.162534
