11 0.498611 0.502755 0.441667 0.404959
8 0.045833 0.827824 0.075000 0.057851
10 0.076389 0.491736 0.152778 0.195592
10 0.152778 0.154270 0.194444 0.198347
10 0.063889 0.056474 0.127778 0.112948
10 0.227778 0.082645 0.188889 0.165289
10 0.423611 0.053719 0.197222 0.107438
10 0.606944 0.111570 0.202778 0.223140
10 0.834722 0.092287 0.230556 0.184573
10 0.698611 0.234160 0.213889 0.220386
10 0.961111 0.278237 0.077778 0.203857
10 0.915278 0.603306 0.169444 0.203857
10 0.180556 0.355372 0.205556 0.203857
10 0.191667 0.634986 0.200000 0.206612
10 0.597222 0.798898 0.222222 0.192837
10 0.470833 0.921488 0.230556 0.157025
10 0.815278 0.858127 0.213889 0.201102
10 0.775000 0.719008 0.183333 0.231405
10 0.962500 0.921488 0.075000 0.157025
