11 0.501389 0.500000 0.313889 0.454545
10 0.784722 0.363636 0.208333 0.176309
10 0.808333 0.112948 0.216667 0.214876
10 0.619444 0.185950 0.222222 0.190083
10 0.387500 0.089532 0.202778 0.179063
10 0.076389 0.033058 0.152778 0.066116
10 0.093056 0.203857 0.186111 0.220386
10 0.225000 0.243802 0.227778 0.206612
10 0.150000 0.581267 0.172222 0.225895
10 0.201389 0.951791 0.191667 0.096419
10 0.029167 0.917355 0.058333 0.165289
10 0.029167 0.685950 0.058333 0.176309
10 0.313889 0.955923 0.227778 0.088154
10 0.650000 0.804408 0.200000 0.214876
10 0.859722 0.899449 0.202778 0.201102
10 0.948611 0.577135 0.102778 0.212121
10 0.786111 0.618457 0.188889 0.201102
