11 0.498611 0.501377 0.330556 0.468320
10 0.829167 0.245179 0.213889 0.192837
10 0.913889 0.028926 0.172222 0.057851
10 0.972222 0.137741 0.055556 0.165289
10 0.679167 0.064738 0.219444 0.129477
10 0.177778 0.260331 0.250000 0.206612
10 0.152778 0.505510 0.216667 0.234160
10 0.073611 0.626722 0.147222 0.212121
10 0.270833 0.732782 0.247222 0.192837
10 0.094444 0.969697 0.188889 0.060606
10 0.323611 0.943526 0.202778 0.112948
10 0.880556 0.866391 0.200000 0.217631
10 0.962500 0.838843 0.075000 0.179063
10 0.968056 0.596419 0.063889 0.173554
10 0.779167 0.608815 0.225000 0.258953
