11 0.501389 0.524793 0.347222 0.300275
8 0.891667 0.146006 0.077778 0.088154
10 0.706944 0.292011 0.241667 0.231405
10 0.666667 0.097796 0.233333 0.195592
10 0.915278 0.292011 0.169444 0.231405
10 0.893056 0.544077 0.213889 0.217631
10 0.938889 0.767218 0.122222 0.234160
10 0.775000 0.823691 0.222222 0.242424
10 0.663889 0.962810 0.211111 0.074380
10 0.522222 0.816804 0.266667 0.245179
10 0.277778 0.889807 0.222222 0.220386
10 0.091667 0.811295 0.183333 0.250689
10 0.181944 0.612948 0.236111 0.223140
10 0.031944 0.597796 0.063889 0.192837
10 0.091667 0.424242 0.183333 0.220386
10 0.265278 0.320937 0.202778 0.195592
10 0.462500 0.169421 0.230556 0.250689
10 0.263889 0.092287 0.222222 0.184573
10 0.083333 0.044077 0.166667 0.088154
10 0.025000 0.245179 0.050000 0.148760
10 0.756944 0.769972 0.002778 0.002755
