11 0.504167 0.494490 0.436111 0.432507
8 0.783333 0.267218 0.083333 0.093664
8 0.158333 0.552342 0.077778 0.090909
8 0.161111 0.955923 0.072222 0.066116
10 0.093056 0.772727 0.186111 0.223140
10 0.172222 0.475207 0.216667 0.272727
10 0.366667 0.235537 0.222222 0.201102
10 0.276389 0.093664 0.225000 0.187328
10 0.148611 0.057851 0.086111 0.115702
10 0.605556 0.123967 0.238889 0.247934
10 0.808333 0.276860 0.227778 0.223140
10 0.979167 0.114325 0.041667 0.195592
10 0.908333 0.033058 0.183333 0.066116
10 0.915278 0.457300 0.169444 0.247934
10 0.894444 0.871901 0.211111 0.256198
10 0.665278 0.803030 0.241667 0.223140
10 0.604167 0.900826 0.219444 0.198347
