11 0.500000 0.501377 0.427778 0.435262
10 0.916667 0.657025 0.166667 0.190083
10 0.905556 0.586777 0.188889 0.159780
10 0.847222 0.325069 0.222222 0.198347
10 0.911111 0.256198 0.177778 0.198347
10 0.802778 0.096419 0.200000 0.192837
10 0.604167 0.099174 0.208333 0.198347
10 0.400000 0.118457 0.188889 0.198347
10 0.222222 0.075758 0.200000 0.151515
10 0.065278 0.045455 0.130556 0.090909
10 0.045833 0.217631 0.091667 0.198347
10 0.234722 0.380165 0.169444 0.308540
10 0.095833 0.502755 0.163889 0.228650
10 0.077778 0.409091 0.155556 0.168044
10 0.279167 0.808540 0.230556 0.201102
10 0.120833 0.922865 0.208333 0.154270
10 0.312500 0.958678 0.191667 0.082645
10 0.508333 0.823691 0.216667 0.203857
10 0.754167 0.789256 0.241667 0.245179
10 0.759722 0.965565 0.186111 0.068871
