11 0.502778 0.497245 0.377778 0.371901
8 0.206944 0.239669 0.075000 0.082645
10 0.181944 0.207989 0.208333 0.212121
10 0.154167 0.061983 0.163889 0.123967
10 0.198611 0.429752 0.225000 0.198347
10 0.047222 0.293388 0.094444 0.201102
10 0.038889 0.469697 0.077778 0.162534
10 0.020833 0.800275 0.041667 0.162534
10 0.045833 0.939394 0.091667 0.121212
10 0.204167 0.962810 0.202778 0.074380
10 0.327778 0.801653 0.205556 0.236915
10 0.563889 0.928375 0.188889 0.143251
10 0.743056 0.731405 0.208333 0.179063
10 0.773611 0.549587 0.175000 0.195592
10 0.934722 0.738292 0.130556 0.192837
10 0.927778 0.926997 0.144444 0.146006
10 0.919444 0.461433 0.161111 0.184573
10 0.937500 0.542700 0.125000 0.165289
10 0.891667 0.185950 0.194444 0.184573
10 0.813889 0.231405 0.200000 0.203857
10 0.762500 0.060606 0.186111 0.121212
10 0.562500 0.085399 0.208333 0.170799
