11 0.502778 0.504132 0.383333 0.396694
10 0.045833 0.315427 0.091667 0.234160
10 0.043056 0.185950 0.086111 0.195592
10 0.722222 0.221763 0.233333 0.212121
10 0.620833 0.176309 0.186111 0.214876
10 0.955556 0.163912 0.088889 0.212121
10 0.926389 0.221763 0.147222 0.212121
10 0.838889 0.539945 0.238889 0.247934
10 0.913889 0.750689 0.172222 0.223140
10 0.920833 0.648760 0.158333 0.212121
10 0.963889 0.931129 0.072222 0.137741
10 0.804167 0.949036 0.236111 0.101928
10 0.659722 0.935262 0.213889 0.129477
10 0.262500 0.893939 0.241667 0.212121
10 0.250000 0.720386 0.233333 0.234160
10 0.209722 0.581267 0.191667 0.203857
10 0.090278 0.581267 0.180556 0.247934
