11 0.497222 0.497245 0.450000 0.443526
10 0.466667 0.765840 0.250000 0.181818
10 0.662500 0.893939 0.219444 0.212121
10 0.866667 0.947658 0.205556 0.104683
10 0.731944 0.701102 0.230556 0.245179
10 0.912500 0.497245 0.175000 0.217631
10 0.975000 0.666667 0.050000 0.170799
10 0.919444 0.279614 0.161111 0.234160
10 0.762500 0.347107 0.213889 0.286501
10 0.826389 0.112948 0.236111 0.203857
10 0.802778 0.019284 0.205556 0.038567
10 0.594444 0.057851 0.227778 0.115702
10 0.583333 0.174931 0.222222 0.239669
10 0.186111 0.460055 0.216667 0.258953
10 0.356944 0.165289 0.186111 0.269972
10 0.206944 0.037190 0.241667 0.074380
