11 0.500000 0.502755 0.361111 0.371901
8 0.697222 0.071625 0.050000 0.055096
8 0.019444 0.695592 0.038889 0.074380
8 0.168056 0.976584 0.097222 0.046832
10 0.154167 0.841598 0.236111 0.190083
10 0.036111 0.909091 0.072222 0.154270
10 0.472222 0.865014 0.183333 0.181818
10 0.754167 0.786501 0.219444 0.195592
10 0.868056 0.932507 0.197222 0.134986
10 0.944444 0.774105 0.111111 0.209366
10 0.786111 0.584022 0.177778 0.236915
10 0.897222 0.365014 0.205556 0.239669
10 0.976389 0.545455 0.047222 0.159780
10 0.708333 0.278237 0.222222 0.220386
10 0.395833 0.187328 0.280556 0.253444
10 0.173611 0.136364 0.152778 0.168044
10 0.255556 0.039945 0.188889 0.079890
10 0.045833 0.115702 0.091667 0.115702
10 0.075000 0.307163 0.150000 0.245179
10 0.202778 0.436639 0.205556 0.250689
10 0.265278 0.626722 0.136111 0.179063
10 0.269444 0.690083 0.238889 0.168044
