11 0.484722 0.488981 0.402778 0.515152
1 0.806944 0.552342 0.386111 0.752066
10 0.916667 0.148760 0.166667 0.258953
10 0.962500 0.190083 0.075000 0.203857
10 0.704167 0.060606 0.308333 0.121212
10 0.776389 0.202479 0.163889 0.173554
10 0.655556 0.188705 0.150000 0.151515
10 0.472222 0.151515 0.261111 0.181818
10 0.522222 0.173554 0.155556 0.137741
10 0.361111 0.046832 0.294444 0.093664
10 0.106944 0.111570 0.213889 0.223140
10 0.120833 0.269972 0.241667 0.269972
10 0.279167 0.280992 0.180556 0.231405
10 0.227778 0.400826 0.200000 0.278237
10 0.031944 0.482094 0.063889 0.176309
10 0.200000 0.677686 0.200000 0.220386
10 0.112500 0.816804 0.225000 0.228650
10 0.047222 0.712121 0.094444 0.206612
10 0.391667 0.793388 0.216667 0.236915
10 0.486111 0.853994 0.238889 0.242424
10 0.606944 0.826446 0.225000 0.203857
10 0.816667 0.935262 0.255556 0.129477
10 0.268056 0.915978 0.252778 0.168044
10 0.497222 0.972452 0.238889 0.055096
