11 0.493056 0.522039 0.352778 0.404959
8 0.519444 0.275482 0.088889 0.071625
10 0.637500 0.150138 0.208333 0.234160
10 0.918056 0.075758 0.163889 0.151515
10 0.961111 0.146006 0.077778 0.198347
10 0.884722 0.315427 0.225000 0.212121
10 0.791667 0.504132 0.194444 0.203857
10 0.963889 0.775482 0.072222 0.195592
10 0.930556 0.720386 0.138889 0.206612
10 0.805556 0.907713 0.222222 0.184573
10 0.925000 0.944904 0.144444 0.110193
10 0.595833 0.950413 0.197222 0.099174
10 0.366667 0.953168 0.177778 0.093664
10 0.443056 0.838843 0.191667 0.212121
10 0.201389 0.845730 0.230556 0.214876
10 0.066667 0.931129 0.133333 0.137741
10 0.161111 0.618457 0.233333 0.212121
10 0.212500 0.501377 0.152778 0.154270
10 0.047222 0.365014 0.094444 0.212121
10 0.052778 0.168044 0.105556 0.198347
10 0.286111 0.206612 0.216667 0.225895
10 0.291667 0.074380 0.244444 0.148760
