11 0.498611 0.498623 0.430556 0.407713
10 0.766667 0.393939 0.188889 0.236915
10 0.923611 0.152893 0.152778 0.239669
10 0.926389 0.457300 0.147222 0.247934
10 0.975000 0.636364 0.050000 0.187328
10 0.895833 0.783747 0.208333 0.201102
10 0.805556 0.595041 0.211111 0.231405
10 0.768056 0.925620 0.202778 0.148760
10 0.336111 0.749311 0.216667 0.225895
10 0.211111 0.932507 0.216667 0.134986
10 0.127778 0.756198 0.211111 0.217631
10 0.031944 0.896694 0.063889 0.206612
10 0.022222 0.652893 0.044444 0.165289
10 0.176389 0.534435 0.219444 0.225895
10 0.129167 0.301653 0.213889 0.234160
10 0.025000 0.382920 0.050000 0.165289
10 0.212500 0.132231 0.208333 0.214876
10 0.105556 0.093664 0.211111 0.187328
10 0.458333 0.044077 0.188889 0.088154
10 0.618056 0.181818 0.230556 0.203857
