11 0.501389 0.522039 0.436111 0.404959
10 0.776389 0.465565 0.197222 0.220386
10 0.936111 0.446281 0.127778 0.236915
10 0.776389 0.362259 0.197222 0.206612
10 0.919444 0.117080 0.161111 0.234160
10 0.501389 0.089532 0.186111 0.179063
10 0.350000 0.230028 0.211111 0.217631
10 0.147222 0.198347 0.194444 0.209366
10 0.061111 0.176309 0.122222 0.220386
10 0.195833 0.410468 0.219444 0.220386
10 0.056944 0.524793 0.113889 0.234160
10 0.036111 0.761708 0.072222 0.190083
10 0.069444 0.926997 0.138889 0.146006
10 0.233333 0.949036 0.200000 0.101928
10 0.204167 0.820937 0.191667 0.154270
10 0.429167 0.820937 0.247222 0.225895
10 0.591667 0.935262 0.194444 0.129477
10 0.715278 0.757576 0.208333 0.209366
10 0.915278 0.720386 0.169444 0.201102
10 0.912500 0.913223 0.175000 0.173554
