11 0.495833 0.497245 0.380556 0.377410
8 0.359722 0.067493 0.058333 0.085399
10 0.213889 0.114325 0.227778 0.228650
10 0.061111 0.241047 0.122222 0.201102
10 0.315278 0.278237 0.263889 0.247934
10 0.618056 0.203857 0.236111 0.231405
10 0.841667 0.063361 0.205556 0.126722
10 0.881944 0.261708 0.236111 0.253444
10 0.809722 0.479339 0.208333 0.209366
10 0.902778 0.673554 0.194444 0.212121
10 0.951389 0.924242 0.097222 0.151515
10 0.787500 0.891185 0.230556 0.217631
10 0.651389 0.724518 0.263889 0.236915
10 0.495833 0.882920 0.213889 0.217631
10 0.295833 0.942149 0.197222 0.115702
10 0.275000 0.688705 0.238889 0.247934
