11 0.504167 0.504132 0.452778 0.457300
10 0.644444 0.760331 0.266667 0.269972
10 0.852778 0.688705 0.211111 0.236915
10 0.966667 0.691460 0.066667 0.176309
10 0.866667 0.900826 0.233333 0.198347
10 0.959722 0.946281 0.080556 0.107438
10 0.779167 0.969697 0.169444 0.060606
10 0.575000 0.954545 0.261111 0.090909
10 0.427778 0.831956 0.216667 0.253444
10 0.244444 0.825069 0.222222 0.256198
10 0.073611 0.847107 0.147222 0.228650
10 0.138889 0.604683 0.233333 0.234160
10 0.100000 0.367769 0.200000 0.234160
10 0.237500 0.064738 0.236111 0.129477
10 0.454167 0.037190 0.202778 0.074380
10 0.601389 0.130854 0.230556 0.228650
10 0.734722 0.280992 0.252778 0.214876
10 0.869444 0.312672 0.227778 0.195592
10 0.909722 0.107438 0.180556 0.214876
10 0.841667 0.027548 0.105556 0.055096
10 0.723611 0.088154 0.219444 0.176309
10 0.812500 0.544077 0.219444 0.201102
10 0.918056 0.488981 0.163889 0.239669
