11 0.505556 0.501377 0.405556 0.418733
10 0.886111 0.429752 0.211111 0.220386
8 0.865278 0.772727 0.102778 0.068871
10 0.927778 0.125344 0.144444 0.212121
10 0.923611 0.056474 0.152778 0.112948
10 0.727778 0.044077 0.200000 0.088154
10 0.706944 0.238292 0.219444 0.228650
10 0.443056 0.092287 0.197222 0.184573
10 0.227778 0.090909 0.200000 0.181818
10 0.077778 0.201102 0.155556 0.220386
10 0.265278 0.296143 0.208333 0.195592
10 0.058333 0.429752 0.116667 0.214876
10 0.198611 0.559229 0.186111 0.203857
10 0.212500 0.874656 0.191667 0.201102
10 0.036111 0.716253 0.072222 0.198347
10 0.705556 0.763085 0.227778 0.203857
10 0.977778 0.793388 0.044444 0.165289
10 0.845833 0.920110 0.202778 0.159780
10 0.937500 0.949036 0.125000 0.101928
