11 0.501389 0.526171 0.386111 0.573003
8 0.316667 0.231405 0.083333 0.088154
8 0.980556 0.337466 0.038889 0.090909
10 0.754167 0.279614 0.213889 0.190083
10 0.801389 0.088154 0.191667 0.176309
10 0.954167 0.057851 0.091667 0.115702
10 0.555556 0.132231 0.222222 0.214876
10 0.422222 0.078512 0.211111 0.157025
10 0.200000 0.112948 0.194444 0.225895
10 0.072222 0.243802 0.144444 0.206612
10 0.123611 0.327824 0.208333 0.203857
10 0.052778 0.541322 0.105556 0.179063
10 0.204167 0.548209 0.197222 0.209366
10 0.029167 0.746556 0.058333 0.176309
10 0.097222 0.874656 0.194444 0.201102
10 0.052778 0.935262 0.105556 0.129477
10 0.308333 0.898072 0.177778 0.203857
10 0.331944 0.816804 0.230556 0.195592
10 0.520833 0.962810 0.197222 0.074380
10 0.756944 0.962810 0.180556 0.074380
10 0.754167 0.696970 0.191667 0.209366
10 0.818056 0.517906 0.213889 0.214876
10 0.952778 0.477961 0.094444 0.201102
