11 0.497222 0.505510 0.477778 0.410468
10 0.734722 0.696970 0.186111 0.192837
10 0.818056 0.530303 0.202778 0.201102
10 0.845833 0.316804 0.180556 0.275482
10 0.951389 0.190083 0.097222 0.203857
10 0.794444 0.037190 0.216667 0.074380
10 0.577778 0.037190 0.188889 0.074380
10 0.675000 0.199725 0.216667 0.239669
10 0.369444 0.090909 0.238889 0.181818
10 0.255556 0.249311 0.227778 0.195592
10 0.081944 0.326446 0.163889 0.206612
10 0.038889 0.505510 0.077778 0.179063
10 0.052778 0.725895 0.105556 0.217631
10 0.070833 0.921488 0.141667 0.157025
10 0.172222 0.618457 0.188889 0.217631
10 0.176389 0.491736 0.197222 0.195592
10 0.316667 0.804408 0.200000 0.203857
10 0.566667 0.793388 0.238889 0.225895
10 0.304167 0.960055 0.180556 0.079890
10 0.505556 0.935262 0.222222 0.129477
10 0.790278 0.931129 0.236111 0.137741
10 0.916667 0.728650 0.166667 0.217631
