11 0.504167 0.500000 0.325000 0.432507
10 0.586111 0.081267 0.200000 0.162534
10 0.902778 0.097796 0.194444 0.195592
10 0.343056 0.103306 0.225000 0.206612
10 0.251389 0.192837 0.236111 0.170799
10 0.073611 0.086777 0.147222 0.173554
10 0.125000 0.374656 0.216667 0.181818
10 0.219444 0.585399 0.211111 0.245179
10 0.165278 0.771350 0.219444 0.214876
10 0.443056 0.887052 0.202778 0.225895
10 0.351389 0.966942 0.202778 0.066116
10 0.104167 0.964187 0.191667 0.071625
10 0.681944 0.903581 0.175000 0.192837
10 0.783333 0.685950 0.211111 0.203857
10 0.831944 0.453168 0.197222 0.223140
10 0.962500 0.622590 0.075000 0.165289
10 0.963889 0.871901 0.072222 0.168044
