11 0.501389 0.538567 0.325000 0.399449
10 0.884722 0.647383 0.213889 0.225895
10 0.926389 0.942149 0.147222 0.115702
10 0.675000 0.858127 0.216667 0.223140
10 0.688889 0.764463 0.244444 0.195592
10 0.551389 0.976584 0.158333 0.046832
10 0.408333 0.842975 0.216667 0.236915
10 0.184722 0.786501 0.236111 0.206612
10 0.150000 0.949036 0.227778 0.101928
10 0.056944 0.643251 0.113889 0.206612
10 0.219444 0.535813 0.227778 0.212121
10 0.108333 0.037190 0.216667 0.074380
10 0.426389 0.099174 0.208333 0.198347
10 0.637500 0.101928 0.208333 0.203857
10 0.809722 0.026171 0.136111 0.052342
10 0.911111 0.316804 0.177778 0.225895
10 0.955556 0.174931 0.088889 0.118457
10 0.981944 0.522039 0.036111 0.173554
