11 0.490278 0.501377 0.447222 0.517906
10 0.772222 0.579890 0.194444 0.212121
10 0.925000 0.522039 0.150000 0.212121
10 0.948611 0.303030 0.102778 0.236915
10 0.820833 0.238292 0.197222 0.272727
10 0.730556 0.366391 0.205556 0.198347
10 0.616667 0.146006 0.233333 0.187328
10 0.650000 0.068871 0.250000 0.137741
10 0.256944 0.074380 0.197222 0.148760
10 0.058333 0.095041 0.116667 0.190083
10 0.176389 0.282369 0.197222 0.228650
10 0.354167 0.216253 0.186111 0.201102
10 0.116667 0.825069 0.188889 0.217631
10 0.320833 0.822314 0.208333 0.212121
10 0.513889 0.837466 0.222222 0.187328
10 0.681944 0.917355 0.202778 0.165289
10 0.865278 0.871901 0.208333 0.223140
8 0.876389 0.983471 0.086111 0.033058
