11 0.502778 0.502755 0.505556 0.415978
10 0.798611 0.351240 0.236111 0.217631
10 0.909722 0.092287 0.180556 0.184573
10 0.670833 0.144628 0.225000 0.228650
10 0.561111 0.027548 0.194444 0.055096
10 0.061111 0.066116 0.122222 0.132231
10 0.112500 0.247934 0.225000 0.209366
10 0.113889 0.493113 0.227778 0.209366
10 0.091667 0.725895 0.183333 0.217631
10 0.095833 0.931129 0.191667 0.137741
10 0.325000 0.882920 0.244444 0.234160
10 0.525000 0.958678 0.211111 0.082645
10 0.740278 0.863636 0.225000 0.212121
10 0.787500 0.925620 0.230556 0.148760
10 0.962500 0.856749 0.075000 0.209366
10 0.791667 0.615702 0.211111 0.245179
10 0.956944 0.612948 0.086111 0.228650
10 0.958333 0.319559 0.083333 0.209366
10 0.591667 0.743802 0.250000 0.225895
