11 0.501389 0.526171 0.369444 0.363636
8 0.786111 0.303030 0.105556 0.104683
10 0.940278 0.205234 0.119444 0.239669
10 0.947222 0.455923 0.105556 0.173554
10 0.762500 0.118457 0.236111 0.214876
10 0.708333 0.039945 0.183333 0.079890
10 0.483333 0.089532 0.250000 0.179063
10 0.400000 0.224518 0.222222 0.228650
10 0.086111 0.108815 0.172222 0.217631
10 0.133333 0.410468 0.227778 0.247934
10 0.168056 0.896694 0.258333 0.206612
10 0.284722 0.855372 0.197222 0.223140
10 0.502778 0.935262 0.200000 0.129477
10 0.822222 0.888430 0.216667 0.223140
10 0.966667 0.915978 0.066667 0.168044
10 0.972222 0.774105 0.055556 0.176309
