11 0.506944 0.500000 0.330556 0.493113
10 0.762500 0.400826 0.186111 0.168044
10 0.825000 0.042700 0.183333 0.085399
10 0.969444 0.071625 0.061111 0.143251
10 0.816667 0.202479 0.216667 0.190083
10 0.938889 0.508264 0.122222 0.223140
10 0.790278 0.621212 0.197222 0.239669
10 0.684722 0.895317 0.213889 0.209366
10 0.905556 0.946281 0.188889 0.107438
10 0.373611 0.880165 0.191667 0.228650
10 0.154167 0.921488 0.219444 0.157025
10 0.041667 0.626722 0.083333 0.223140
10 0.212500 0.595041 0.225000 0.203857
10 0.154167 0.377410 0.202778 0.214876
10 0.062500 0.064738 0.125000 0.129477
10 0.456944 0.117080 0.169444 0.168044
