11 0.497222 0.505510 0.394444 0.449036
8 0.543056 0.973829 0.086111 0.052342
8 0.179167 0.258953 0.102778 0.121212
10 0.066667 0.117080 0.133333 0.201102
10 0.554167 0.115702 0.197222 0.203857
10 0.237500 0.085399 0.186111 0.170799
10 0.251389 0.348485 0.236111 0.217631
10 0.027778 0.495868 0.055556 0.170799
10 0.033333 0.758953 0.066667 0.190083
10 0.213889 0.625344 0.200000 0.214876
10 0.355556 0.786501 0.194444 0.206612
10 0.173611 0.836088 0.202778 0.234160
10 0.288889 0.969697 0.172222 0.060606
10 0.738889 0.969697 0.172222 0.060606
10 0.720833 0.910468 0.208333 0.179063
10 0.927778 0.818182 0.144444 0.203857
10 0.934722 0.603306 0.130556 0.192837
10 0.752778 0.698347 0.200000 0.206612
10 0.816667 0.418733 0.216667 0.214876
10 0.927778 0.268595 0.144444 0.206612
10 0.809722 0.096419 0.225000 0.181818
10 0.738889 0.067493 0.177778 0.134986
10 0.919444 0.028926 0.161111 0.057851
10 0.026389 0.958678 0.052778 0.082645
