11 0.502778 0.505510 0.366667 0.410468
8 0.905556 0.085399 0.077778 0.082645
10 0.919444 0.235537 0.161111 0.212121
10 0.713889 0.174931 0.211111 0.206612
10 0.905556 0.632231 0.188889 0.195592
10 0.908333 0.862259 0.183333 0.209366
10 0.697222 0.929752 0.233333 0.140496
10 0.691667 0.741047 0.238889 0.225895
10 0.279167 0.707989 0.219444 0.214876
10 0.295833 0.911846 0.213889 0.176309
10 0.087500 0.860882 0.175000 0.217631
10 0.081944 0.384298 0.163889 0.217631
10 0.230556 0.482094 0.183333 0.203857
10 0.269444 0.265840 0.227778 0.201102
10 0.038889 0.196970 0.077778 0.201102
10 0.201389 0.081267 0.236111 0.162534
10 0.462500 0.150138 0.202778 0.190083
