11 0.501389 0.527548 0.441667 0.443526
10 0.694444 0.254821 0.261111 0.305785
10 0.641667 0.136364 0.222222 0.195592
10 0.863889 0.057851 0.194444 0.115702
10 0.401389 0.106061 0.175000 0.212121
10 0.255556 0.030303 0.200000 0.060606
10 0.025000 0.050964 0.050000 0.101928
10 0.176389 0.112948 0.219444 0.214876
10 0.280556 0.301653 0.177778 0.217631
10 0.068056 0.435262 0.136111 0.220386
10 0.202778 0.823691 0.205556 0.247934
10 0.038889 0.785124 0.077778 0.198347
10 0.359722 0.736915 0.208333 0.195592
10 0.218056 0.464187 0.169444 0.250689
10 0.673611 0.769972 0.208333 0.201102
10 0.783333 0.677686 0.155556 0.203857
10 0.920833 0.669421 0.158333 0.231405
10 0.827778 0.892562 0.211111 0.214876
10 0.950000 0.932507 0.100000 0.134986
