11 0.505556 0.497245 0.472222 0.559229
8 0.230556 0.586777 0.088889 0.093664
10 0.200000 0.739669 0.211111 0.206612
10 0.045833 0.730028 0.091667 0.198347
10 0.054167 0.486226 0.108333 0.190083
10 0.137500 0.318182 0.225000 0.239669
10 0.215278 0.393939 0.230556 0.220386
10 0.134722 0.088154 0.241667 0.176309
10 0.406944 0.163912 0.241667 0.250689
10 0.558333 0.117080 0.238889 0.206612
10 0.793056 0.140496 0.197222 0.198347
10 0.734722 0.026171 0.197222 0.052342
10 0.968056 0.084022 0.063889 0.168044
10 0.940278 0.568871 0.119444 0.217631
10 0.923611 0.892562 0.152778 0.214876
10 0.811111 0.712121 0.222222 0.217631
10 0.688889 0.741047 0.244444 0.214876
10 0.704167 0.928375 0.258333 0.143251
10 0.463889 0.914601 0.205556 0.170799
10 0.427778 0.867769 0.227778 0.203857
10 0.230556 0.921488 0.222222 0.157025
10 0.056944 0.913223 0.113889 0.168044
