11 0.501389 0.500000 0.419444 0.388430
10 0.801389 0.588154 0.191667 0.228650
10 0.812500 0.353994 0.225000 0.195592
10 0.841667 0.134986 0.238889 0.209366
10 0.945833 0.035813 0.108333 0.071625
10 0.954167 0.537190 0.091667 0.236915
10 0.940278 0.885675 0.119444 0.223140
10 0.752778 0.844353 0.227778 0.228650
10 0.302778 0.742424 0.227778 0.212121
10 0.108333 0.873278 0.211111 0.231405
10 0.083333 0.679063 0.166667 0.190083
10 0.152778 0.425620 0.216667 0.217631
10 0.361111 0.230028 0.238889 0.206612
10 0.133333 0.183196 0.227778 0.217631
10 0.343056 0.041322 0.230556 0.082645
