11 0.501389 0.498623 0.313889 0.545455
8 0.656944 0.411846 0.102778 0.090909
10 0.758333 0.457300 0.216667 0.247934
10 0.930556 0.415978 0.138889 0.209366
10 0.806944 0.592287 0.197222 0.209366
10 0.827778 0.827824 0.183333 0.223140
10 0.725000 0.887052 0.222222 0.225895
10 0.595833 0.878788 0.269444 0.181818
10 0.398611 0.904959 0.175000 0.190083
10 0.187500 0.931129 0.247222 0.137741
10 0.113889 0.889807 0.194444 0.176309
10 0.144444 0.669421 0.211111 0.220386
10 0.240278 0.634986 0.169444 0.217631
10 0.175000 0.352617 0.177778 0.214876
10 0.112500 0.392562 0.147222 0.228650
10 0.043056 0.378788 0.086111 0.217631
10 0.175000 0.184573 0.205556 0.181818
10 0.295833 0.090909 0.213889 0.181818
10 0.095833 0.044077 0.186111 0.088154
10 0.643056 0.053719 0.213889 0.107438
10 0.918056 0.067493 0.163889 0.134986
10 0.915278 0.190083 0.169444 0.214876
10 0.836111 0.213499 0.216667 0.190083
10 0.706944 0.227273 0.208333 0.184573
