11 0.512500 0.504132 0.452778 0.435262
10 0.580556 0.180441 0.200000 0.223140
10 0.369444 0.060606 0.211111 0.121212
10 0.097222 0.048209 0.194444 0.096419
10 0.125000 0.201102 0.250000 0.181818
10 0.183333 0.449036 0.216667 0.242424
10 0.098611 0.732782 0.197222 0.247934
10 0.793056 0.634986 0.191667 0.201102
10 0.841667 0.486226 0.205556 0.206612
10 0.665278 0.816804 0.213889 0.184573
10 0.765278 0.961433 0.236111 0.077135
10 0.418056 0.816804 0.252778 0.201102
10 0.154167 0.946281 0.275000 0.107438
