11 0.504167 0.535813 0.486111 0.432507
10 0.812500 0.497245 0.175000 0.245179
10 0.773611 0.316804 0.202778 0.220386
10 0.948611 0.349862 0.102778 0.187328
10 0.944444 0.535813 0.111111 0.212121
10 0.876389 0.725895 0.197222 0.195592
10 0.969444 0.163912 0.061111 0.195592
10 0.850000 0.089532 0.216667 0.179063
10 0.622222 0.108815 0.227778 0.217631
10 0.390278 0.074380 0.236111 0.148760
10 0.123611 0.151515 0.219444 0.209366
10 0.140278 0.506887 0.241667 0.236915
10 0.045833 0.673554 0.091667 0.217631
10 0.366667 0.826446 0.233333 0.242424
10 0.505556 0.917355 0.200000 0.165289
10 0.829167 0.943526 0.202778 0.112948
