11 0.498611 0.502755 0.402778 0.410468
10 0.816667 0.436639 0.211111 0.223140
10 0.919444 0.475207 0.161111 0.217631
10 0.948611 0.803030 0.102778 0.239669
10 0.775000 0.732782 0.205556 0.209366
10 0.626389 0.899449 0.247222 0.201102
10 0.400000 0.804408 0.177778 0.214876
10 0.250000 0.954545 0.233333 0.090909
10 0.437500 0.975207 0.186111 0.049587
10 0.216667 0.670799 0.238889 0.217631
10 0.062500 0.790634 0.125000 0.242424
10 0.138889 0.590909 0.233333 0.212121
10 0.054167 0.337466 0.108333 0.217631
10 0.070833 0.114325 0.141667 0.228650
10 0.236111 0.081267 0.227778 0.162534
10 0.434722 0.039945 0.186111 0.079890
10 0.691667 0.185950 0.205556 0.239669
10 0.893056 0.039945 0.213889 0.079890
10 0.644444 0.015152 0.150000 0.030303
