11 0.497222 0.504132 0.422222 0.457300
8 0.275000 0.869146 0.083333 0.074380
10 0.094444 0.891185 0.188889 0.195592
10 0.080556 0.681818 0.161111 0.201102
10 0.070833 0.205234 0.141667 0.228650
10 0.044444 0.406336 0.088889 0.195592
10 0.173611 0.530303 0.208333 0.201102
10 0.369444 0.232782 0.222222 0.223140
10 0.618056 0.249311 0.236111 0.195592
10 0.690278 0.108815 0.208333 0.179063
10 0.876389 0.180441 0.202778 0.212121
10 0.940278 0.451791 0.119444 0.209366
10 0.938889 0.677686 0.122222 0.203857
10 0.806944 0.838843 0.213889 0.239669
10 0.920833 0.972452 0.158333 0.055096
10 0.484722 0.794766 0.247222 0.195592
10 0.405556 0.931129 0.244444 0.137741
10 0.561111 0.955923 0.194444 0.088154
