0 0.465278 0.557851 0.391667 0.355372
8 0.829167 0.307163 0.097222 0.107438
8 0.109722 0.337466 0.108333 0.096419
8 0.106944 0.439394 0.075000 0.063361
10 0.729167 0.132231 0.213889 0.187328
10 0.944444 0.073003 0.111111 0.146006
10 0.318056 0.092287 0.308333 0.184573
10 0.415278 0.044077 0.230556 0.088154
10 0.155556 0.035813 0.188889 0.071625
10 0.018056 0.017906 0.036111 0.035813
10 0.283333 0.308540 0.222222 0.220386
10 0.136111 0.506887 0.222222 0.253444
10 0.101389 0.809917 0.202778 0.247934
10 0.180556 0.707989 0.222222 0.231405
10 0.561111 0.848485 0.261111 0.242424
10 0.779167 0.640496 0.213889 0.195592
10 0.961111 0.595041 0.077778 0.198347
10 0.766667 0.743802 0.244444 0.148760
10 0.984722 0.904959 0.030556 0.123967
