0 0.509722 0.497245 0.313889 0.393939
10 0.911111 0.174931 0.177778 0.206612
10 0.825000 0.034435 0.194444 0.068871
10 0.194444 0.064738 0.238889 0.129477
10 0.244444 0.440771 0.183333 0.225895
10 0.766667 0.458678 0.188889 0.201102
10 0.072222 0.322314 0.133333 0.209366
10 0.054167 0.608815 0.108333 0.209366
10 0.156944 0.775482 0.197222 0.195592
10 0.386111 0.772727 0.205556 0.179063
10 0.473611 0.921488 0.208333 0.157025
10 0.097222 0.940771 0.194444 0.118457
10 0.950000 0.537190 0.100000 0.176309
10 0.936111 0.717631 0.127778 0.206612
10 0.936111 0.933884 0.127778 0.132231
10 0.683333 0.949036 0.177778 0.101928
10 0.783333 0.865014 0.188889 0.192837
10 0.731944 0.707989 0.197222 0.198347
8 0.211111 0.915978 0.066667 0.063361
