0 0.505556 0.501377 0.361111 0.429752
10 0.950000 0.073003 0.100000 0.146006
10 0.918056 0.166667 0.163889 0.162534
10 0.787500 0.329201 0.186111 0.179063
10 0.947222 0.351240 0.105556 0.173554
10 0.909722 0.557851 0.180556 0.190083
10 0.791667 0.702479 0.172222 0.198347
10 0.977778 0.721763 0.044444 0.176309
10 0.898611 0.866391 0.163889 0.168044
10 0.884722 0.987603 0.152778 0.024793
10 0.641667 0.965565 0.194444 0.068871
10 0.520833 0.933884 0.180556 0.126722
10 0.400000 0.785124 0.177778 0.176309
10 0.066667 0.056474 0.133333 0.112948
10 0.325000 0.075758 0.188889 0.146006
10 0.609722 0.073003 0.186111 0.140496
10 0.751389 0.084022 0.180556 0.168044
10 0.476389 0.192837 0.191667 0.181818
10 0.602778 0.235537 0.216667 0.168044
10 0.179167 0.184573 0.191667 0.203857
10 0.058333 0.294766 0.116667 0.203857
10 0.183333 0.406336 0.188889 0.206612
10 0.250000 0.535813 0.150000 0.201102
10 0.080556 0.612948 0.155556 0.212121
10 0.202778 0.738292 0.188889 0.225895
10 0.084722 0.922865 0.169444 0.154270
10 0.272222 0.936639 0.194444 0.126722
10 0.595833 0.790634 0.202778 0.181818
