0 0.494444 0.509642 0.366667 0.374656
8 0.787500 0.537190 0.063889 0.115702
8 0.926389 0.884298 0.147222 0.181818
10 0.930556 0.034435 0.138889 0.068871
10 0.772222 0.096419 0.205556 0.154270
10 0.855556 0.272727 0.188889 0.154270
10 0.605556 0.232782 0.183333 0.190083
10 0.111111 0.045455 0.222222 0.079890
10 0.198611 0.477961 0.180556 0.118457
10 0.287500 0.727273 0.197222 0.187328
10 0.694444 0.717631 0.216667 0.261708
10 0.908333 0.630854 0.183333 0.187328
10 0.609722 0.946281 0.252778 0.107438
10 0.177778 0.990358 0.116667 0.019284
10 0.040278 0.960055 0.069444 0.079890
10 0.027778 0.421488 0.050000 0.148760
