0 0.497222 0.526171 0.372222 0.385675
8 0.897222 0.523416 0.050000 0.044077
8 0.329167 0.855372 0.052778 0.057851
10 0.945833 0.068871 0.108333 0.132231
10 0.848611 0.246556 0.202778 0.195592
10 0.980556 0.508264 0.038889 0.184573
10 0.954167 0.745179 0.091667 0.195592
10 0.911111 0.936639 0.177778 0.126722
10 0.688889 0.915978 0.188889 0.168044
10 0.629167 0.830579 0.191667 0.195592
10 0.747222 0.721763 0.222222 0.247934
10 0.637500 0.117080 0.241667 0.201102
10 0.419444 0.227273 0.183333 0.190083
10 0.358333 0.060606 0.227778 0.115702
10 0.036111 0.035813 0.066667 0.066116
10 0.094444 0.188705 0.177778 0.179063
10 0.097222 0.425620 0.194444 0.190083
10 0.205556 0.617080 0.188889 0.203857
10 0.259722 0.935262 0.202778 0.129477
10 0.090278 0.816804 0.175000 0.212121
