0 0.525000 0.469697 0.377778 0.382920
10 0.881944 0.057851 0.236111 0.115702
10 0.865278 0.174931 0.197222 0.190083
10 0.822222 0.387052 0.188889 0.195592
10 0.815278 0.604683 0.191667 0.206612
10 0.727778 0.962810 0.177778 0.074380
10 0.675000 0.907713 0.205556 0.184573
10 0.322222 0.949036 0.194444 0.101928
10 0.388889 0.805785 0.188889 0.201102
10 0.158333 0.750689 0.233333 0.217631
10 0.245833 0.520661 0.202778 0.242424
10 0.358333 0.290634 0.177778 0.201102
10 0.218056 0.246556 0.208333 0.195592
10 0.369444 0.075758 0.222222 0.146006
10 0.615278 0.039945 0.197222 0.079890
10 0.081944 0.421488 0.163889 0.253444
