0 0.497222 0.501377 0.388889 0.418733
8 0.629167 0.039945 0.080556 0.063361
8 0.926389 0.771350 0.052778 0.060606
10 0.787500 0.486226 0.186111 0.212121
10 0.831944 0.078512 0.230556 0.157025
10 0.455556 0.077135 0.216667 0.154270
10 0.090278 0.079890 0.180556 0.159780
10 0.094444 0.290634 0.188889 0.195592
10 0.348611 0.258953 0.225000 0.192837
10 0.893056 0.269972 0.213889 0.225895
10 0.950000 0.519284 0.100000 0.201102
10 0.694444 0.764463 0.205556 0.228650
10 0.452778 0.808540 0.216667 0.212121
10 0.206944 0.804408 0.236111 0.225895
10 0.104167 0.593664 0.197222 0.212121
10 0.280556 0.971074 0.177778 0.057851
10 0.518056 0.961433 0.191667 0.077135
