0 0.505556 0.545455 0.272222 0.303030
10 0.956944 0.219008 0.080556 0.146006
10 0.972222 0.329201 0.055556 0.157025
10 0.940278 0.758953 0.119444 0.223140
10 0.895833 0.938017 0.202778 0.123967
10 0.723611 0.853994 0.191667 0.198347
10 0.315278 0.942149 0.202778 0.115702
10 0.072222 0.955923 0.144444 0.088154
10 0.347222 0.764463 0.222222 0.201102
10 0.225000 0.593664 0.222222 0.239669
10 0.048611 0.586777 0.097222 0.231405
10 0.026389 0.461433 0.052778 0.151515
10 0.184722 0.342975 0.230556 0.234160
10 0.300000 0.176309 0.183333 0.203857
10 0.083333 0.053719 0.155556 0.107438
10 0.430556 0.049587 0.172222 0.099174
10 0.650000 0.115702 0.211111 0.220386
10 0.851389 0.053719 0.191667 0.107438
10 0.761111 0.292011 0.222222 0.170799
10 0.758333 0.519284 0.188889 0.217631
8 0.872222 0.169421 0.027778 0.035813
