0 0.495833 0.526171 0.380556 0.374656
8 0.540278 0.867769 0.052778 0.077135
8 0.829167 0.044077 0.058333 0.060606
10 0.919444 0.217631 0.161111 0.198347
10 0.711111 0.290634 0.205556 0.223140
10 0.809722 0.406336 0.247222 0.239669
10 0.851389 0.669421 0.225000 0.253444
10 0.966667 0.046832 0.066667 0.093664
10 0.438889 0.194215 0.216667 0.195592
10 0.498611 0.075758 0.230556 0.151515
10 0.236111 0.099174 0.222222 0.198347
10 0.063889 0.041322 0.122222 0.082645
10 0.112500 0.360882 0.225000 0.203857
10 0.223611 0.608815 0.202778 0.236915
10 0.093056 0.823691 0.186111 0.203857
10 0.345833 0.885675 0.197222 0.223140
10 0.616667 0.961433 0.205556 0.077135
10 0.873611 0.965565 0.208333 0.068871
10 0.955556 0.935262 0.088889 0.129477
