0 0.502778 0.500000 0.350000 0.388430
10 0.466667 0.179063 0.233333 0.192837
10 0.909722 0.084022 0.180556 0.168044
10 0.077778 0.184573 0.155556 0.192837
10 0.018056 0.023416 0.036111 0.046832
10 0.154167 0.009642 0.086111 0.019284
10 0.023611 0.409091 0.047222 0.184573
10 0.084722 0.758953 0.169444 0.223140
10 0.341667 0.939394 0.188889 0.121212
10 0.772222 0.947658 0.172222 0.104683
10 0.341667 0.743802 0.222222 0.220386
10 0.466667 0.772727 0.205556 0.173554
10 0.729167 0.684573 0.191667 0.223140
10 0.911111 0.566116 0.177778 0.201102
10 0.950000 0.961433 0.100000 0.077135
