11 0.493056 0.501377 0.336111 0.347107
10 0.219444 0.928375 0.283333 0.143251
10 0.240278 0.090909 0.269444 0.181818
10 0.681944 0.063361 0.263889 0.126722
10 0.912500 0.246556 0.175000 0.223140
10 0.943056 0.526171 0.113889 0.258953
10 0.880556 0.772727 0.200000 0.223140
10 0.736111 0.925620 0.244444 0.148760
10 0.481944 0.947658 0.180556 0.088154
10 0.426389 0.798898 0.230556 0.214876
10 0.188889 0.736915 0.194444 0.234160
10 0.026389 0.747934 0.052778 0.184573
10 0.116667 0.508264 0.233333 0.190083
10 0.225000 0.287879 0.244444 0.184573
