0 0.523611 0.477961 0.297222 0.360882
8 0.320833 0.137741 0.086111 0.049587
10 0.708333 0.168044 0.227778 0.220386
10 0.961111 0.217631 0.077778 0.192837
10 0.936111 0.024793 0.127778 0.049587
10 0.209722 0.031680 0.163889 0.063361
10 0.204167 0.358127 0.191667 0.170799
10 0.105556 0.597796 0.194444 0.198347
10 0.476389 0.834711 0.180556 0.187328
10 0.734722 0.815427 0.186111 0.192837
10 0.677778 0.756198 0.166667 0.190083
10 0.734722 0.969697 0.158333 0.060606
10 0.247222 0.983471 0.138889 0.033058
