0 0.497222 0.506887 0.400000 0.374656
10 0.952778 0.428375 0.094444 0.217631
10 0.604167 0.022039 0.191667 0.044077
10 0.356944 0.024793 0.175000 0.049587
10 0.534722 0.245179 0.252778 0.154270
10 0.677778 0.176309 0.177778 0.192837
10 0.806944 0.353994 0.247222 0.267218
10 0.898611 0.643251 0.191667 0.206612
10 0.715278 0.581267 0.141667 0.143251
10 0.763889 0.953168 0.216667 0.093664
10 0.583333 0.840220 0.227778 0.165289
10 0.393056 0.971074 0.141667 0.057851
10 0.225000 0.893939 0.188889 0.212121
10 0.051389 0.889807 0.097222 0.209366
10 0.218056 0.567493 0.158333 0.286501
10 0.129167 0.283747 0.241667 0.165289
10 0.065278 0.424242 0.130556 0.170799
10 0.070833 0.593664 0.141667 0.239669
