0 0.502732 0.490515 0.311475 0.401084
10 0.975410 0.243902 0.049180 0.151762
10 0.830601 0.228997 0.213115 0.208672
10 0.547814 0.073171 0.232240 0.140921
10 0.267760 0.291328 0.207650 0.214092
10 0.083333 0.186992 0.161202 0.200542
10 0.087432 0.410569 0.174863 0.203252
10 0.240437 0.605691 0.196721 0.192412
10 0.987705 0.485095 0.024590 0.146341
10 0.971311 0.810298 0.057377 0.189702
10 0.882514 0.608401 0.196721 0.214092
10 0.703552 0.739837 0.193989 0.216802
10 0.602459 0.898374 0.215847 0.203252
10 0.859290 0.939024 0.237705 0.121951
10 0.407104 0.781843 0.207650 0.203252
10 0.214481 0.860434 0.183060 0.203252
10 0.056011 0.920054 0.112022 0.159892
10 0.056011 0.773713 0.106557 0.149051
10 0.754098 0.764228 0.000000 0.000000
