0 0.504167 0.552342 0.319444 0.388430
10 0.983333 0.235537 0.033333 0.140496
10 0.961111 0.738292 0.077778 0.181818
10 0.916667 0.915978 0.166667 0.168044
10 0.851389 0.902204 0.147222 0.173554
10 0.795833 0.690083 0.202778 0.201102
10 0.770833 0.475207 0.163889 0.190083
10 0.801389 0.239669 0.186111 0.209366
10 0.704167 0.078512 0.191667 0.151515
10 0.195833 0.039945 0.225000 0.079890
10 0.025000 0.028926 0.050000 0.057851
10 0.051389 0.166667 0.102778 0.157025
10 0.243056 0.325069 0.213889 0.198347
10 0.229167 0.480716 0.202778 0.190083
10 0.045833 0.512397 0.091667 0.165289
10 0.383333 0.940771 0.161111 0.118457
10 0.631944 0.953168 0.219444 0.093664
10 0.109722 0.933884 0.219444 0.132231
10 0.323611 0.838843 0.230556 0.201102
