0 0.500000 0.541322 0.444444 0.449036
10 0.913889 0.187328 0.172222 0.198347
10 0.909722 0.424242 0.180556 0.209366
10 0.852778 0.639118 0.227778 0.198347
10 0.916667 0.884298 0.166667 0.214876
10 0.684722 0.936639 0.252778 0.126722
10 0.468056 0.899449 0.191667 0.201102
10 0.095833 0.966942 0.175000 0.066116
10 0.215278 0.719008 0.230556 0.203857
10 0.255556 0.399449 0.222222 0.247934
10 0.487500 0.212121 0.186111 0.203857
10 0.698611 0.177686 0.180556 0.217631
10 0.608333 0.024793 0.172222 0.049587
10 0.375000 0.011019 0.133333 0.022039
10 0.273611 0.112948 0.180556 0.198347
10 0.059722 0.293388 0.119444 0.201102
10 0.079167 0.549587 0.158333 0.223140
10 0.019444 0.793388 0.038889 0.121212
