1 0.505556 0.500000 0.361111 0.349862
10 0.641667 0.228650 0.200000 0.192837
10 0.898611 0.037190 0.202778 0.074380
10 0.634722 0.037190 0.186111 0.074380
10 0.211111 0.314050 0.194444 0.214876
10 0.059722 0.269972 0.119444 0.225895
10 0.470833 0.792011 0.191667 0.217631
10 0.386111 0.763085 0.133333 0.187328
10 0.425000 0.972452 0.177778 0.055096
10 0.230556 0.949036 0.205556 0.101928
10 0.897222 0.961433 0.183333 0.077135
10 0.788889 0.488981 0.205556 0.206612
10 0.904167 0.592287 0.191667 0.181818
10 0.943056 0.493113 0.113889 0.055096
10 0.762500 0.710744 0.213889 0.181818
10 0.723611 0.623967 0.191667 0.140496
10 0.109722 0.980716 0.186111 0.038567
