1 0.500000 0.501377 0.438889 0.391185
8 0.318056 0.345730 0.086111 0.096419
10 0.858333 0.389807 0.244444 0.206612
10 0.675000 0.216253 0.216667 0.245179
10 0.765278 0.067493 0.247222 0.134986
10 0.944444 0.081267 0.111111 0.162534
10 0.520833 0.074380 0.247222 0.148760
10 0.113889 0.073003 0.227778 0.146006
10 0.115278 0.258953 0.230556 0.247934
10 0.344444 0.192837 0.255556 0.236915
10 0.216667 0.727273 0.250000 0.247934
10 0.180556 0.597796 0.227778 0.264463
10 0.055556 0.745179 0.111111 0.250689
10 0.562500 0.798898 0.230556 0.231405
10 0.798611 0.787879 0.263889 0.253444
10 0.913889 0.601928 0.172222 0.245179
10 0.933333 0.903581 0.133333 0.192837
10 0.511111 0.944904 0.244444 0.110193
10 0.384722 0.932507 0.247222 0.134986
