1 0.495833 0.506887 0.408333 0.407713
10 0.681944 0.221763 0.191667 0.217631
10 0.677778 0.095041 0.200000 0.190083
10 0.848611 0.085399 0.230556 0.170799
10 0.920833 0.557851 0.158333 0.239669
10 0.868056 0.856749 0.241667 0.247934
10 0.679167 0.772727 0.208333 0.223140
10 0.454167 0.768595 0.252778 0.165289
10 0.427778 0.935262 0.266667 0.129477
10 0.187500 0.938017 0.191667 0.123967
10 0.069444 0.842975 0.138889 0.236915
10 0.088889 0.490358 0.177778 0.203857
10 0.066667 0.373278 0.133333 0.146006
10 0.238889 0.676309 0.205556 0.195592
10 0.219444 0.544077 0.172222 0.184573
10 0.348611 0.155647 0.219444 0.206612
10 0.198611 0.224518 0.208333 0.217631
10 0.115278 0.112948 0.225000 0.225895
