1 0.509722 0.497245 0.369444 0.366391
10 0.491667 0.870523 0.205556 0.220386
10 0.486111 0.778237 0.194444 0.184573
10 0.233333 0.889807 0.200000 0.220386
10 0.065278 0.893939 0.130556 0.212121
10 0.054167 0.538567 0.108333 0.245179
10 0.234722 0.596419 0.213889 0.223140
10 0.184722 0.457300 0.225000 0.220386
10 0.159722 0.294766 0.197222 0.203857
10 0.109722 0.095041 0.202778 0.179063
10 0.331944 0.106061 0.241667 0.212121
10 0.550000 0.046832 0.205556 0.093664
10 0.770833 0.252066 0.219444 0.223140
10 0.940278 0.128099 0.119444 0.195592
10 0.904167 0.348485 0.191667 0.217631
10 0.791667 0.505510 0.238889 0.223140
10 0.901389 0.685950 0.197222 0.236915
10 0.693056 0.717631 0.241667 0.228650
10 0.863889 0.951791 0.238889 0.096419
10 0.805556 0.914601 0.255556 0.170799
10 0.029167 0.294766 0.058333 0.203857
