1 0.505556 0.497245 0.355556 0.360882
10 0.811111 0.392562 0.233333 0.245179
10 0.909722 0.106061 0.180556 0.212121
10 0.702778 0.162534 0.227778 0.231405
10 0.504167 0.099174 0.225000 0.198347
10 0.275000 0.150138 0.205556 0.195592
10 0.279167 0.267218 0.191667 0.220386
10 0.101389 0.063361 0.197222 0.126722
10 0.084722 0.329201 0.169444 0.201102
10 0.079167 0.429752 0.158333 0.220386
10 0.212500 0.564738 0.225000 0.220386
10 0.080556 0.831956 0.161111 0.231405
10 0.045833 0.637741 0.091667 0.146006
10 0.476389 0.920110 0.213889 0.159780
10 0.605556 0.769972 0.222222 0.239669
10 0.783333 0.687328 0.205556 0.212121
10 0.933333 0.586777 0.133333 0.231405
10 0.926389 0.917355 0.147222 0.165289
10 0.755556 0.903581 0.211111 0.192837
