1 0.498611 0.495868 0.469444 0.413223
8 0.200000 0.188705 0.088889 0.079890
10 0.130556 0.068871 0.227778 0.137741
10 0.041667 0.253444 0.083333 0.209366
10 0.076389 0.469697 0.152778 0.217631
10 0.105556 0.749311 0.211111 0.214876
10 0.301389 0.914601 0.225000 0.170799
10 0.681944 0.962810 0.291667 0.074380
10 0.787500 0.801653 0.202778 0.203857
10 0.684722 0.701102 0.219444 0.217631
10 0.847222 0.454545 0.233333 0.220386
10 0.722222 0.243802 0.216667 0.239669
10 0.954167 0.166667 0.091667 0.234160
10 0.283333 0.287879 0.255556 0.217631
10 0.227778 0.589532 0.188889 0.269972
