1 0.501389 0.531680 0.397222 0.385675
8 0.818056 0.319559 0.086111 0.082645
10 0.701389 0.075758 0.219444 0.151515
10 0.837500 0.085399 0.230556 0.170799
10 0.919444 0.128099 0.161111 0.195592
10 0.494444 0.223140 0.194444 0.187328
10 0.098611 0.112948 0.197222 0.225895
10 0.102778 0.341598 0.205556 0.203857
10 0.068056 0.334711 0.136111 0.190083
10 0.061111 0.544077 0.122222 0.212121
10 0.205556 0.550964 0.200000 0.231405
10 0.098611 0.716253 0.197222 0.225895
10 0.294444 0.758953 0.216667 0.256198
10 0.380556 0.914601 0.205556 0.170799
10 0.615278 0.903581 0.219444 0.192837
10 0.112500 0.971074 0.191667 0.057851
10 0.715278 0.815427 0.208333 0.220386
10 0.902778 0.842975 0.194444 0.220386
10 0.966667 0.516529 0.066667 0.217631
10 0.948611 0.634986 0.102778 0.140496
10 0.801389 0.409091 0.219444 0.195592
10 0.797222 0.636364 0.194444 0.170799
10 0.797222 0.515152 0.238889 0.181818
