1 0.505556 0.498623 0.344444 0.446281
10 0.661111 0.775482 0.216667 0.245179
10 0.895833 0.874656 0.208333 0.228650
10 0.872222 0.785124 0.216667 0.198347
10 0.716667 0.949036 0.244444 0.101928
10 0.612500 0.922865 0.202778 0.154270
10 0.866667 0.457300 0.233333 0.264463
10 0.794444 0.584022 0.205556 0.242424
10 0.740278 0.333333 0.230556 0.236915
10 0.952778 0.271350 0.094444 0.217631
10 0.822222 0.117080 0.233333 0.234160
10 0.593056 0.096419 0.219444 0.192837
10 0.405556 0.181818 0.183333 0.214876
10 0.223611 0.202479 0.219444 0.245179
10 0.120833 0.380165 0.241667 0.214876
10 0.158333 0.462810 0.238889 0.242424
10 0.058333 0.166667 0.116667 0.217631
10 0.068056 0.082645 0.136111 0.165289
10 0.255556 0.070248 0.222222 0.140496
10 0.091667 0.738292 0.183333 0.148760
10 0.056944 0.853994 0.113889 0.214876
10 0.165278 0.884298 0.236111 0.165289
10 0.148611 0.955923 0.180556 0.088154
10 0.358333 0.768595 0.244444 0.242424
10 0.473611 0.819559 0.163889 0.201102
10 0.258333 0.674931 0.205556 0.236915
8 0.701389 0.466942 0.069444 0.090909
