1 0.505556 0.497245 0.422222 0.465565
10 0.301389 0.207989 0.236111 0.267218
10 0.100000 0.088154 0.200000 0.176309
10 0.331944 0.052342 0.252778 0.104683
10 0.695833 0.061983 0.213889 0.123967
10 0.862500 0.139118 0.230556 0.245179
10 0.820833 0.482094 0.202778 0.269972
10 0.872222 0.877410 0.216667 0.206612
10 0.651389 0.783747 0.213889 0.212121
10 0.277778 0.822314 0.216667 0.201102
10 0.198611 0.622590 0.213889 0.231405
8 0.156944 0.519284 0.086111 0.079890
10 0.083333 0.887052 0.166667 0.225895
10 0.484722 0.911846 0.219444 0.176309
