1 0.502778 0.515152 0.383333 0.391185
8 0.315278 0.217631 0.075000 0.082645
10 0.344444 0.068871 0.233333 0.137741
10 0.106944 0.041322 0.180556 0.082645
10 0.893056 0.294766 0.213889 0.220386
10 0.530556 0.196970 0.244444 0.201102
10 0.100000 0.301653 0.200000 0.179063
10 0.151389 0.477961 0.252778 0.184573
10 0.136111 0.728650 0.227778 0.239669
10 0.616667 0.825069 0.216667 0.184573
10 0.856944 0.756198 0.219444 0.228650
10 0.826389 0.588154 0.225000 0.256198
10 0.795833 0.957300 0.191667 0.085399
10 0.559722 0.972452 0.191667 0.055096
10 0.972222 0.460055 0.055556 0.187328
10 0.969444 0.088154 0.061111 0.176309
