1 0.504167 0.429752 0.447222 0.418733
10 0.725000 0.546832 0.194444 0.261708
10 0.894444 0.249311 0.211111 0.212121
10 0.884722 0.549587 0.186111 0.217631
10 0.945833 0.433884 0.108333 0.173554
10 0.852778 0.085399 0.233333 0.170799
10 0.645833 0.118457 0.202778 0.214876
10 0.750000 0.275482 0.194444 0.242424
10 0.459722 0.132231 0.213889 0.214876
10 0.313889 0.177686 0.233333 0.228650
10 0.136111 0.168044 0.233333 0.247934
10 0.151389 0.384298 0.258333 0.168044
10 0.251389 0.539945 0.147222 0.187328
10 0.434722 0.701102 0.202778 0.157025
10 0.227778 0.703857 0.244444 0.217631
10 0.104167 0.588154 0.186111 0.206612
10 0.070833 0.837466 0.141667 0.198347
10 0.227778 0.914601 0.283333 0.170799
10 0.391667 0.925620 0.183333 0.148760
10 0.954167 0.796143 0.091667 0.187328
