1 0.501389 0.504132 0.463889 0.479339
8 0.363889 0.170799 0.105556 0.082645
8 0.577778 0.144628 0.055556 0.052342
10 0.902778 0.165289 0.194444 0.209366
10 0.825000 0.358127 0.238889 0.231405
10 0.155556 0.314050 0.250000 0.242424
10 0.318056 0.235537 0.280556 0.212121
10 0.454167 0.130854 0.197222 0.261708
10 0.122222 0.046832 0.188889 0.093664
10 0.077778 0.735537 0.155556 0.242424
10 0.162500 0.741047 0.186111 0.209366
10 0.379167 0.876033 0.258333 0.231405
10 0.645833 0.904959 0.263889 0.190083
10 0.616667 0.826446 0.261111 0.242424
10 0.145833 0.951791 0.208333 0.096419
10 0.337500 0.046832 0.213889 0.093664
