1 0.504167 0.501377 0.408333 0.418733
10 0.786111 0.648760 0.227778 0.201102
10 0.805556 0.420110 0.222222 0.228650
10 0.850000 0.205234 0.200000 0.201102
10 0.636111 0.172176 0.238889 0.250689
10 0.476389 0.103306 0.213889 0.206612
10 0.229167 0.114325 0.236111 0.223140
10 0.063889 0.329201 0.127778 0.228650
10 0.243056 0.344353 0.219444 0.209366
10 0.200000 0.549587 0.255556 0.212121
10 0.045833 0.654270 0.091667 0.272727
10 0.163889 0.920110 0.227778 0.159780
10 0.300000 0.745179 0.205556 0.190083
10 0.518056 0.801653 0.197222 0.181818
10 0.734722 0.873278 0.236111 0.214876
10 0.948611 0.921488 0.102778 0.157025
