1 0.501389 0.500000 0.425000 0.421488
10 0.848611 0.431129 0.213889 0.206612
10 0.891667 0.209366 0.216667 0.231405
10 0.972222 0.538567 0.055556 0.201102
10 0.773611 0.699725 0.191667 0.187328
10 0.673611 0.756198 0.236111 0.267218
10 0.779167 0.917355 0.219444 0.165289
10 0.944444 0.915978 0.111111 0.168044
10 0.283333 0.739669 0.238889 0.217631
10 0.173611 0.907713 0.230556 0.184573
10 0.176389 0.522039 0.219444 0.223140
10 0.130556 0.329201 0.200000 0.190083
10 0.323611 0.100551 0.225000 0.201102
10 0.118056 0.078512 0.180556 0.157025
10 0.619444 0.201102 0.233333 0.214876
