1 0.498611 0.495868 0.463889 0.435262
10 0.826389 0.352617 0.219444 0.225895
10 0.890278 0.089532 0.213889 0.179063
10 0.301389 0.128099 0.230556 0.223140
10 0.206944 0.064738 0.230556 0.129477
10 0.075000 0.272727 0.150000 0.187328
10 0.208333 0.561983 0.205556 0.225895
10 0.177778 0.420110 0.211111 0.228650
10 0.056944 0.758953 0.113889 0.201102
10 0.187500 0.889807 0.230556 0.220386
10 0.391667 0.786501 0.227778 0.234160
10 0.829167 0.855372 0.236111 0.239669
10 0.725000 0.736915 0.233333 0.223140
10 0.904167 0.662534 0.191667 0.223140
10 0.956944 0.553719 0.086111 0.231405
