2 0.501389 0.502755 0.330556 0.333333
8 0.538889 0.179063 0.061111 0.066116
10 0.440278 0.045455 0.208333 0.090909
10 0.165278 0.020661 0.163889 0.041322
10 0.058333 0.123967 0.116667 0.231405
10 0.208333 0.601928 0.211111 0.212121
10 0.322222 0.935262 0.238889 0.129477
10 0.530556 0.827824 0.222222 0.179063
10 0.776389 0.946281 0.219444 0.107438
10 0.970833 0.816804 0.058333 0.146006
10 0.848611 0.681818 0.252778 0.322314
10 0.925000 0.431129 0.150000 0.223140
10 0.966667 0.203857 0.066667 0.176309
10 0.265278 0.209366 0.252778 0.225895
