2 0.498611 0.504132 0.402778 0.424242
8 0.655556 0.710744 0.077778 0.088154
10 0.165278 0.183196 0.236111 0.212121
10 0.291667 0.071625 0.250000 0.143251
10 0.548611 0.096419 0.213889 0.192837
10 0.748611 0.027548 0.180556 0.055096
10 0.954167 0.206612 0.091667 0.148760
10 0.884722 0.384298 0.230556 0.234160
10 0.911111 0.618457 0.177778 0.217631
10 0.965278 0.663912 0.069444 0.203857
10 0.950000 0.892562 0.100000 0.214876
10 0.772222 0.876033 0.227778 0.187328
10 0.475000 0.847107 0.227778 0.223140
10 0.113889 0.922865 0.211111 0.154270
10 0.044444 0.680441 0.088889 0.209366
10 0.177778 0.596419 0.200000 0.195592
10 0.138889 0.399449 0.227778 0.198347
