2 0.558333 0.506887 0.377778 0.352617
8 0.926389 0.389807 0.080556 0.074380
10 0.941667 0.060606 0.116667 0.121212
10 0.781944 0.067493 0.213889 0.134986
10 0.920833 0.230028 0.158333 0.217631
10 0.713889 0.243802 0.211111 0.206612
10 0.444444 0.192837 0.205556 0.209366
10 0.316667 0.152893 0.194444 0.239669
10 0.104167 0.125344 0.186111 0.206612
10 0.073611 0.395317 0.147222 0.217631
10 0.272222 0.392562 0.177778 0.201102
10 0.198611 0.599174 0.202778 0.206612
10 0.125000 0.820937 0.211111 0.225895
10 0.443056 0.812672 0.208333 0.220386
10 0.283333 0.950413 0.211111 0.099174
10 0.612500 0.961433 0.202778 0.077135
10 0.920833 0.957300 0.158333 0.085399
10 0.925000 0.815427 0.150000 0.214876
10 0.713889 0.800275 0.211111 0.223140
10 0.880556 0.512397 0.183333 0.231405
