8 0.200000 0.191460 0.061111 0.046832
8 0.109722 0.629477 0.086111 0.074380
10 0.100000 0.016529 0.127778 0.033058
10 0.426389 0.016529 0.163889 0.033058
10 0.658333 0.055096 0.155556 0.110193
10 0.719444 0.093664 0.161111 0.187328
10 0.912500 0.103306 0.175000 0.190083
10 0.933333 0.196970 0.133333 0.206612
10 0.825000 0.366391 0.205556 0.220386
10 0.897222 0.535813 0.205556 0.217631
10 0.969444 0.442149 0.061111 0.151515
10 0.740278 0.743802 0.191667 0.192837
10 0.725000 0.888430 0.177778 0.201102
10 0.920833 0.986226 0.102778 0.027548
10 0.534722 0.982094 0.163889 0.035813
10 0.440278 0.885675 0.191667 0.190083
10 0.231944 0.763085 0.202778 0.192837
10 0.055556 0.742424 0.111111 0.190083
