2 0.498611 0.501377 0.341667 0.341598
8 0.925000 0.623967 0.050000 0.068871
10 0.120833 0.103306 0.180556 0.206612
10 0.216667 0.084022 0.177778 0.168044
10 0.397222 0.092287 0.200000 0.184573
10 0.286111 0.260331 0.205556 0.206612
10 0.600000 0.118457 0.177778 0.203857
10 0.783333 0.048209 0.222222 0.096419
10 0.966667 0.008264 0.066667 0.016529
10 0.859722 0.190083 0.219444 0.203857
10 0.956944 0.260331 0.086111 0.184573
10 0.809722 0.491736 0.191667 0.245179
10 0.926389 0.730028 0.147222 0.214876
10 0.904167 0.929752 0.191667 0.140496
10 0.726389 0.730028 0.219444 0.225895
10 0.622222 0.922865 0.227778 0.154270
10 0.390278 0.935262 0.225000 0.129477
10 0.509722 0.785124 0.225000 0.170799
10 0.311111 0.789256 0.183333 0.190083
10 0.180556 0.977961 0.138889 0.044077
10 0.201389 0.625344 0.208333 0.192837
10 0.048611 0.531680 0.097222 0.198347
10 0.031944 0.741047 0.063889 0.165289
10 0.026389 0.260331 0.052778 0.157025
