2 0.502778 0.498623 0.333333 0.341598
10 0.062500 0.235537 0.125000 0.195592
10 0.212500 0.141873 0.202778 0.212121
10 0.373611 0.157025 0.225000 0.203857
10 0.576389 0.013774 0.108333 0.027548
10 0.826389 0.020661 0.147222 0.041322
10 0.766667 0.115702 0.166667 0.159780
10 0.930556 0.371901 0.138889 0.209366
10 0.845833 0.466942 0.186111 0.223140
10 0.737500 0.633609 0.191667 0.214876
10 0.844444 0.800275 0.200000 0.184573
10 0.988889 0.673554 0.022222 0.107438
10 0.636111 0.900826 0.255556 0.198347
10 0.397222 0.928375 0.183333 0.143251
10 0.280556 0.911846 0.194444 0.176309
10 0.152778 0.659780 0.233333 0.206612
10 0.073611 0.622590 0.147222 0.170799
