2 0.500000 0.505510 0.422222 0.360882
10 0.061111 0.070248 0.122222 0.140496
10 0.183333 0.190083 0.200000 0.176309
10 0.406944 0.163912 0.180556 0.206612
10 0.676389 0.060606 0.213889 0.121212
10 0.923611 0.031680 0.152778 0.063361
10 0.976389 0.162534 0.047222 0.159780
10 0.738889 0.263085 0.188889 0.179063
10 0.859722 0.442149 0.197222 0.201102
10 0.980556 0.516529 0.038889 0.157025
10 0.822222 0.666667 0.205556 0.209366
10 0.812500 0.790634 0.213889 0.176309
10 0.950000 0.906336 0.100000 0.187328
10 0.769444 0.946281 0.200000 0.107438
10 0.580556 0.782369 0.211111 0.181818
10 0.552778 0.944904 0.183333 0.110193
10 0.356944 0.881543 0.158333 0.176309
10 0.361111 0.803030 0.200000 0.162534
10 0.131944 0.873278 0.202778 0.170799
10 0.216667 0.965565 0.161111 0.068871
10 0.022222 0.968320 0.044444 0.063361
10 0.025000 0.765840 0.050000 0.159780
10 0.040278 0.561983 0.080556 0.181818
10 0.116667 0.396694 0.194444 0.198347
10 0.030556 0.245179 0.061111 0.143251
