2 0.501389 0.505510 0.386111 0.382920
10 0.080556 0.079890 0.161111 0.159780
10 0.265278 0.110193 0.208333 0.220386
10 0.500000 0.084022 0.188889 0.168044
10 0.566667 0.139118 0.161111 0.212121
10 0.738889 0.017906 0.166667 0.035813
10 0.773611 0.148760 0.191667 0.209366
10 0.938889 0.140496 0.122222 0.275482
10 0.956944 0.337466 0.086111 0.206612
10 0.829167 0.461433 0.180556 0.179063
10 0.819444 0.590909 0.200000 0.212121
10 0.900000 0.953168 0.200000 0.093664
10 0.681944 0.969697 0.186111 0.060606
10 0.656944 0.792011 0.191667 0.184573
10 0.441667 0.874656 0.211111 0.223140
10 0.215278 0.903581 0.225000 0.192837
10 0.244444 0.701102 0.211111 0.201102
10 0.088889 0.545455 0.177778 0.198347
10 0.166667 0.341598 0.200000 0.231405
