2 0.488889 0.556474 0.422222 0.418733
10 0.975000 0.024793 0.050000 0.049587
10 0.783333 0.045455 0.194444 0.090909
10 0.919444 0.173554 0.161111 0.209366
10 0.580556 0.052342 0.233333 0.104683
10 0.358333 0.082645 0.255556 0.165289
10 0.140278 0.162534 0.230556 0.209366
10 0.087500 0.304408 0.175000 0.223140
10 0.104167 0.579890 0.208333 0.190083
10 0.044444 0.865014 0.088889 0.181818
10 0.919444 0.891185 0.161111 0.217631
10 0.937500 0.811295 0.125000 0.179063
10 0.734722 0.746556 0.252778 0.198347
10 0.954167 0.557851 0.091667 0.256198
10 0.983333 0.559229 0.033333 0.159780
10 0.770833 0.409091 0.202778 0.217631
10 0.759722 0.283747 0.213889 0.148760
10 0.523611 0.250689 0.108333 0.176309
10 0.450000 0.274105 0.144444 0.157025
10 0.375000 0.242424 0.177778 0.203857
