2 0.505556 0.508264 0.394444 0.360882
8 0.481944 0.174931 0.091667 0.096419
10 0.647222 0.097796 0.255556 0.195592
10 0.754167 0.334711 0.197222 0.228650
10 0.886111 0.327824 0.227778 0.192837
10 0.904167 0.619835 0.191667 0.269972
10 0.713889 0.706612 0.227778 0.245179
10 0.943056 0.891185 0.113889 0.195592
10 0.783333 0.939394 0.188889 0.121212
10 0.525000 0.950413 0.166667 0.099174
10 0.270833 0.951791 0.236111 0.096419
10 0.129167 0.836088 0.186111 0.201102
10 0.036111 0.874656 0.072222 0.173554
10 0.340278 0.732782 0.241667 0.209366
10 0.173611 0.561983 0.191667 0.192837
10 0.029167 0.265840 0.058333 0.234160
10 0.193056 0.063361 0.247222 0.126722
10 0.433333 0.026171 0.166667 0.052342
10 0.350000 0.190083 0.216667 0.214876
10 0.247222 0.352617 0.216667 0.181818
