2 0.505556 0.490358 0.433333 0.440771
10 0.025000 0.148760 0.050000 0.170799
10 0.055556 0.366391 0.111111 0.187328
10 0.077778 0.601928 0.155556 0.228650
10 0.030556 0.845730 0.061111 0.176309
10 0.191667 0.815427 0.211111 0.203857
10 0.269444 0.741047 0.200000 0.220386
10 0.169444 0.966942 0.161111 0.066116
10 0.406944 0.977961 0.108333 0.044077
10 0.566667 0.895317 0.222222 0.209366
10 0.784722 0.953168 0.197222 0.093664
10 0.768056 0.659780 0.225000 0.228650
10 0.940278 0.701102 0.119444 0.223140
10 0.944444 0.417355 0.111111 0.239669
10 0.894444 0.147383 0.211111 0.245179
10 0.963889 0.031680 0.072222 0.063361
10 0.779167 0.315427 0.191667 0.212121
10 0.743056 0.353994 0.180556 0.234160
10 0.541667 0.119835 0.200000 0.212121
10 0.681944 0.038567 0.158333 0.077135
