2 0.498611 0.498623 0.375000 0.391185
10 0.090278 0.067493 0.180556 0.134986
10 0.262500 0.166667 0.213889 0.256198
10 0.479167 0.070248 0.219444 0.140496
10 0.790278 0.148760 0.219444 0.203857
10 0.863889 0.022039 0.172222 0.044077
10 0.947222 0.253444 0.105556 0.220386
10 0.838889 0.533058 0.183333 0.267218
10 0.970833 0.662534 0.058333 0.162534
10 0.865278 0.962810 0.175000 0.074380
10 0.706944 0.830579 0.202778 0.206612
10 0.477778 0.842975 0.227778 0.231405
10 0.427778 0.977961 0.150000 0.044077
10 0.247222 0.807163 0.200000 0.209366
10 0.050000 0.917355 0.100000 0.165289
10 0.095833 0.661157 0.191667 0.209366
10 0.029167 0.475207 0.058333 0.195592
