2 0.502778 0.497245 0.355556 0.344353
10 0.102778 0.137741 0.205556 0.225895
10 0.247222 0.044077 0.233333 0.088154
10 0.738889 0.028926 0.166667 0.057851
10 0.826389 0.385675 0.186111 0.264463
10 0.920833 0.381543 0.158333 0.223140
10 0.915278 0.801653 0.169444 0.203857
10 0.768056 0.659780 0.236111 0.250689
10 0.763889 0.785124 0.244444 0.209366
10 0.919444 0.958678 0.161111 0.082645
10 0.512500 0.800275 0.230556 0.228650
10 0.548611 0.965565 0.208333 0.068871
10 0.250000 0.965565 0.200000 0.068871
10 0.054167 0.965565 0.108333 0.068871
10 0.112500 0.842975 0.225000 0.192837
10 0.202778 0.633609 0.227778 0.253444
10 0.037500 0.648760 0.075000 0.179063
10 0.165278 0.392562 0.236111 0.217631
