2 0.501389 0.493113 0.380556 0.363636
8 0.169444 0.152893 0.077778 0.079890
10 0.258333 0.048209 0.222222 0.096419
10 0.055556 0.159780 0.111111 0.203857
10 0.019444 0.013774 0.038889 0.027548
10 0.350000 0.187328 0.238889 0.198347
10 0.876389 0.030303 0.175000 0.060606
10 0.959722 0.297521 0.080556 0.148760
10 0.815278 0.391185 0.202778 0.225895
10 0.862500 0.629477 0.180556 0.223140
10 0.961111 0.750689 0.077778 0.206612
10 0.815278 0.953168 0.208333 0.093664
10 0.650000 0.776860 0.205556 0.225895
10 0.561111 0.965565 0.172222 0.068871
10 0.415278 0.874656 0.175000 0.201102
10 0.181944 0.914601 0.230556 0.165289
10 0.009722 0.960055 0.019444 0.079890
10 0.200000 0.593664 0.216667 0.212121
10 0.093056 0.396694 0.186111 0.231405
10 0.038889 0.599174 0.077778 0.146006
