2 0.500000 0.502755 0.372222 0.382920
8 0.043056 0.323691 0.063889 0.063361
8 0.037500 0.500000 0.075000 0.129477
8 0.319444 0.033058 0.088889 0.066116
8 0.969444 0.143251 0.061111 0.088154
10 0.026389 0.144628 0.052778 0.162534
10 0.154167 0.079890 0.241667 0.137741
10 0.251389 0.230028 0.225000 0.201102
10 0.490278 0.027548 0.175000 0.055096
10 0.666667 0.235537 0.194444 0.179063
10 0.754167 0.206612 0.213889 0.209366
10 0.911111 0.348485 0.177778 0.217631
10 0.965278 0.400826 0.069444 0.173554
10 0.815278 0.502755 0.202778 0.173554
10 0.843056 0.561983 0.213889 0.220386
10 0.981944 0.038567 0.036111 0.077135
10 0.976389 0.774105 0.047222 0.132231
10 0.956944 0.968320 0.086111 0.063361
10 0.831944 0.790634 0.225000 0.203857
10 0.605556 0.826446 0.205556 0.225895
10 0.695833 0.917355 0.208333 0.165289
10 0.725000 0.980716 0.127778 0.038567
10 0.256944 0.926997 0.213889 0.146006
10 0.326389 0.939394 0.241667 0.121212
10 0.063889 0.942149 0.127778 0.115702
10 0.180556 0.582645 0.200000 0.223140
10 0.069444 0.663912 0.138889 0.203857
