8 0.769444 0.619835 0.066667 0.038567
10 0.091667 0.269972 0.183333 0.242424
10 0.212500 0.099174 0.202778 0.198347
10 0.450000 0.165289 0.216667 0.192837
10 0.427778 0.084022 0.216667 0.168044
10 0.781944 0.227273 0.236111 0.250689
10 0.934722 0.337466 0.130556 0.201102
10 0.940278 0.112948 0.119444 0.170799
10 0.925000 0.041322 0.150000 0.082645
10 0.805556 0.469697 0.205556 0.228650
10 0.900000 0.752066 0.200000 0.220386
10 0.909722 0.935262 0.180556 0.129477
10 0.672222 0.951791 0.205556 0.096419
10 0.712500 0.917355 0.197222 0.165289
10 0.668056 0.752066 0.236111 0.209366
10 0.452778 0.931129 0.227778 0.137741
10 0.163889 0.892562 0.211111 0.192837
10 0.250000 0.855372 0.200000 0.179063
10 0.019444 0.951791 0.038889 0.096419
10 0.038889 0.662534 0.077778 0.195592
10 0.202778 0.665289 0.227778 0.190083
10 0.209722 0.469697 0.219444 0.223140
10 0.026389 0.464187 0.052778 0.157025
