2 0.501389 0.494490 0.363889 0.366391
10 0.077778 0.097796 0.155556 0.195592
10 0.215278 0.250689 0.302778 0.231405
10 0.395833 0.044077 0.225000 0.088154
10 0.515278 0.173554 0.197222 0.209366
10 0.716667 0.121212 0.183333 0.242424
10 0.806944 0.070248 0.208333 0.140496
10 0.966667 0.057851 0.066667 0.115702
10 0.906944 0.187328 0.186111 0.242424
10 0.926389 0.487603 0.147222 0.231405
10 0.933333 0.712121 0.133333 0.151515
10 0.826389 0.713499 0.247222 0.214876
10 0.720833 0.691460 0.175000 0.198347
10 0.904167 0.922865 0.191667 0.154270
10 0.779167 0.929752 0.219444 0.140496
10 0.598611 0.841598 0.191667 0.228650
10 0.545833 0.938017 0.086111 0.123967
10 0.300000 0.880165 0.233333 0.228650
10 0.208333 0.749311 0.227778 0.236915
10 0.236111 0.662534 0.200000 0.201102
10 0.022222 0.833333 0.044444 0.179063
