2 0.508333 0.500000 0.355556 0.349862
8 0.584722 0.225895 0.069444 0.077135
10 0.077778 0.128099 0.155556 0.173554
10 0.258333 0.114325 0.161111 0.228650
10 0.401389 0.203857 0.169444 0.198347
10 0.422222 0.035813 0.161111 0.071625
10 0.622222 0.034435 0.144444 0.068871
10 0.713889 0.126722 0.133333 0.198347
10 0.808333 0.132231 0.194444 0.176309
10 0.966667 0.046832 0.066667 0.093664
10 0.868056 0.366391 0.208333 0.203857
10 0.975000 0.568871 0.050000 0.129477
10 0.893056 0.695592 0.158333 0.184573
10 0.972222 0.844353 0.055556 0.146006
10 0.916667 0.972452 0.166667 0.055096
10 0.600000 0.949036 0.205556 0.101928
10 0.709722 0.765840 0.197222 0.198347
10 0.477778 0.809917 0.222222 0.214876
10 0.277778 0.979339 0.111111 0.041322
10 0.280556 0.815427 0.161111 0.231405
10 0.218056 0.753444 0.175000 0.173554
10 0.020833 0.871901 0.041667 0.129477
10 0.051389 0.772727 0.102778 0.223140
10 0.036111 0.520661 0.072222 0.159780
10 0.201389 0.426997 0.247222 0.198347
10 0.227778 0.524793 0.111111 0.223140
