2 0.504167 0.500000 0.341667 0.366391
10 0.022222 0.290634 0.044444 0.157025
10 0.122222 0.465565 0.200000 0.192837
10 0.240278 0.681818 0.180556 0.206612
10 0.479167 0.829201 0.169444 0.176309
10 0.673611 0.815427 0.158333 0.176309
10 0.804167 0.838843 0.180556 0.184573
10 0.751389 0.979339 0.130556 0.041322
10 0.079167 0.944904 0.158333 0.110193
10 0.881944 0.333333 0.191667 0.209366
10 0.961111 0.506887 0.077778 0.165289
10 0.963889 0.780992 0.072222 0.184573
10 0.768056 0.622590 0.191667 0.192837
10 0.598611 0.183196 0.191667 0.179063
10 0.809722 0.078512 0.191667 0.157025
10 0.330556 0.154270 0.177778 0.209366
