2 0.502778 0.498623 0.327778 0.336088
10 0.937500 0.110193 0.125000 0.220386
10 0.780556 0.162534 0.183333 0.225895
10 0.663889 0.035813 0.222222 0.071625
10 0.363889 0.037190 0.177778 0.074380
10 0.216667 0.030303 0.161111 0.060606
10 0.504167 0.115702 0.180556 0.192837
10 0.326389 0.228650 0.241667 0.203857
10 0.086111 0.092287 0.172222 0.184573
10 0.154167 0.388430 0.202778 0.225895
10 0.031944 0.414601 0.063889 0.228650
10 0.223611 0.604683 0.208333 0.179063
10 0.101389 0.728650 0.202778 0.223140
10 0.087500 0.929752 0.175000 0.140496
10 0.304167 0.903581 0.252778 0.192837
10 0.509722 0.794766 0.236111 0.195592
10 0.551389 0.950413 0.219444 0.099174
10 0.801389 0.951791 0.213889 0.096419
10 0.883333 0.898072 0.205556 0.203857
10 0.740278 0.735537 0.191667 0.242424
10 0.820833 0.684573 0.186111 0.234160
10 0.909722 0.476584 0.180556 0.236915
