2 0.505556 0.502755 0.455556 0.449036
8 0.394444 0.725895 0.061111 0.063361
10 0.034722 0.005510 0.069444 0.011019
10 0.116667 0.126722 0.194444 0.170799
10 0.245833 0.203857 0.213889 0.165289
10 0.181944 0.303030 0.208333 0.214876
10 0.470833 0.180441 0.213889 0.173554
10 0.400000 0.030303 0.188889 0.060606
10 0.606944 0.085399 0.197222 0.170799
10 0.843056 0.060606 0.186111 0.121212
10 0.950000 0.063361 0.100000 0.126722
10 0.890278 0.250689 0.219444 0.220386
10 0.979167 0.479339 0.041667 0.181818
10 0.797222 0.442149 0.166667 0.201102
10 0.791667 0.606061 0.188889 0.165289
10 0.763889 0.747934 0.205556 0.195592
10 0.850000 0.903581 0.166667 0.192837
10 0.927778 0.946281 0.144444 0.107438
10 0.668056 0.960055 0.175000 0.079890
10 0.480556 0.860882 0.188889 0.151515
10 0.559722 0.825069 0.191667 0.173554
10 0.445833 0.980716 0.152778 0.038567
10 0.265278 0.942149 0.186111 0.115702
10 0.188889 0.977961 0.177778 0.044077
10 0.058333 0.838843 0.116667 0.223140
10 0.037500 0.717631 0.075000 0.206612
10 0.095833 0.625344 0.186111 0.192837
10 0.295833 0.703857 0.213889 0.217631
