2 0.500000 0.541322 0.366667 0.355372
10 0.031944 0.172176 0.063889 0.190083
10 0.077778 0.034435 0.155556 0.068871
10 0.309722 0.031680 0.191667 0.063361
10 0.512500 0.077135 0.175000 0.154270
10 0.722222 0.030303 0.172222 0.060606
10 0.925000 0.074380 0.150000 0.148760
10 0.901389 0.319559 0.197222 0.209366
10 0.694444 0.279614 0.211111 0.206612
10 0.793056 0.476584 0.175000 0.209366
10 0.923611 0.608815 0.152778 0.203857
10 0.743056 0.725895 0.197222 0.212121
10 0.980556 0.951791 0.038889 0.096419
10 0.851389 0.980716 0.119444 0.038567
10 0.673611 0.951791 0.169444 0.096419
10 0.565278 0.982094 0.125000 0.035813
10 0.412500 0.882920 0.208333 0.212121
10 0.202778 0.911846 0.183333 0.176309
10 0.018056 0.928375 0.036111 0.143251
10 0.247222 0.699725 0.211111 0.231405
10 0.087500 0.595041 0.175000 0.214876
10 0.052778 0.387052 0.105556 0.179063
10 0.206944 0.308540 0.191667 0.192837
