2 0.505556 0.498623 0.355556 0.369146
8 0.612500 0.683196 0.058333 0.055096
10 0.061111 0.081267 0.122222 0.162534
10 0.168056 0.196970 0.180556 0.195592
10 0.181944 0.286501 0.197222 0.148760
10 0.381944 0.140496 0.213889 0.209366
10 0.531944 0.041322 0.180556 0.082645
10 0.754167 0.074380 0.197222 0.148760
10 0.966667 0.066116 0.066667 0.132231
10 0.919444 0.230028 0.161111 0.190083
10 0.748611 0.311295 0.213889 0.242424
10 0.966667 0.454545 0.066667 0.192837
10 0.834722 0.561983 0.225000 0.236915
10 0.929167 0.882920 0.141667 0.234160
10 0.772222 0.961433 0.238889 0.077135
10 0.270833 0.944904 0.213889 0.110193
10 0.058333 0.903581 0.116667 0.192837
10 0.015278 0.666667 0.030556 0.148760
10 0.079167 0.407713 0.158333 0.159780
