3 0.509722 0.488889 0.430556 0.383333
8 0.719444 0.616667 0.088889 0.077778
10 0.098611 0.031944 0.197222 0.063889
10 0.041667 0.202778 0.083333 0.216667
10 0.050000 0.940278 0.100000 0.119444
10 0.041667 0.675000 0.083333 0.161111
10 0.213889 0.654167 0.233333 0.219444
10 0.211111 0.901389 0.216667 0.197222
10 0.487500 0.894444 0.247222 0.211111
10 0.623611 0.925000 0.213889 0.150000
10 0.908333 0.954167 0.183333 0.091667
10 0.693056 0.755556 0.230556 0.211111
10 0.925000 0.756944 0.150000 0.286111
10 0.970833 0.515278 0.058333 0.158333
10 0.970833 0.245833 0.058333 0.158333
10 0.900000 0.088889 0.200000 0.177778
10 0.811111 0.306944 0.205556 0.208333
10 0.618056 0.127778 0.230556 0.233333
10 0.605556 0.058333 0.205556 0.116667
10 0.369444 0.045833 0.200000 0.091667
10 0.325000 0.116667 0.288889 0.155556
10 0.179167 0.175000 0.219444 0.205556
10 0.159722 0.412500 0.208333 0.202778
