3 0.501389 0.516529 0.213889 0.212121
8 0.711111 0.958678 0.050000 0.066116
8 0.952778 0.792011 0.044444 0.035813
10 0.195833 0.297521 0.225000 0.220386
10 0.215278 0.093664 0.208333 0.187328
10 0.537500 0.055096 0.258333 0.110193
10 0.606944 0.373278 0.263889 0.195592
10 0.713889 0.584022 0.205556 0.209366
10 0.908333 0.639118 0.183333 0.220386
10 0.970833 0.461433 0.058333 0.162534
10 0.750000 0.831956 0.205556 0.209366
10 0.473611 0.888430 0.169444 0.190083
10 0.215278 0.782369 0.225000 0.203857
10 0.276389 0.561983 0.225000 0.236915
10 0.051389 0.696970 0.102778 0.176309
10 0.019444 0.903581 0.038889 0.143251
