3 0.505556 0.501377 0.283333 0.286501
10 0.022222 0.947658 0.044444 0.104683
10 0.095833 0.119835 0.191667 0.162534
10 0.126389 0.013774 0.191667 0.027548
10 0.452778 0.012397 0.100000 0.024793
10 0.463889 0.147383 0.211111 0.184573
10 0.975000 0.443526 0.050000 0.187328
10 0.840278 0.535813 0.186111 0.212121
10 0.387500 0.893939 0.197222 0.206612
10 0.633333 0.775482 0.211111 0.190083
10 0.773611 0.915978 0.186111 0.168044
10 0.945833 0.862259 0.108333 0.203857
10 0.141667 0.834711 0.216667 0.203857
10 0.091667 0.741047 0.183333 0.159780
10 0.298611 0.674931 0.208333 0.192837
10 0.163889 0.515152 0.188889 0.198347
10 0.016667 0.530303 0.033333 0.157025
10 0.150000 0.300275 0.133333 0.181818
10 0.251389 0.269972 0.202778 0.192837
