3 0.508333 0.501377 0.255556 0.209366
10 0.026389 0.973829 0.052778 0.052342
10 0.227778 0.668044 0.166667 0.206612
10 0.062500 0.628099 0.125000 0.165289
10 0.208333 0.347107 0.205556 0.220386
10 0.019444 0.079890 0.038889 0.159780
10 0.336111 0.119835 0.188889 0.234160
10 0.568056 0.191460 0.208333 0.195592
10 0.551389 0.017906 0.102778 0.035813
10 0.788889 0.061983 0.211111 0.123967
10 0.798611 0.315427 0.175000 0.179063
10 0.954167 0.425620 0.091667 0.173554
10 0.441667 0.702479 0.227778 0.198347
10 0.537500 0.896694 0.202778 0.206612
10 0.734722 0.946281 0.197222 0.107438
