3 0.508333 0.505510 0.327778 0.322314
10 0.808333 0.028926 0.183333 0.057851
10 0.976389 0.024793 0.047222 0.049587
10 0.816667 0.158402 0.166667 0.201102
10 0.891667 0.538567 0.216667 0.278237
10 0.697222 0.730028 0.233333 0.242424
10 0.911111 0.827824 0.177778 0.223140
10 0.768056 0.942149 0.275000 0.115702
10 0.477778 0.925620 0.244444 0.148760
10 0.118056 0.949036 0.180556 0.101928
10 0.041667 0.803030 0.083333 0.206612
10 0.263889 0.685950 0.227778 0.225895
10 0.038889 0.506887 0.077778 0.176309
10 0.204167 0.436639 0.225000 0.223140
10 0.350000 0.232782 0.233333 0.201102
10 0.201389 0.107438 0.202778 0.214876
