3 0.494444 0.501377 0.227778 0.242424
10 0.236111 0.150138 0.211111 0.250689
10 0.498611 0.231405 0.230556 0.220386
10 0.829167 0.322314 0.208333 0.209366
10 0.952778 0.484848 0.094444 0.198347
10 0.940278 0.752066 0.119444 0.253444
10 0.947222 0.077135 0.105556 0.154270
10 0.434722 0.052342 0.219444 0.104683
10 0.048611 0.079890 0.097222 0.159780
10 0.083333 0.315427 0.166667 0.201102
10 0.254167 0.436639 0.219444 0.250689
10 0.315278 0.692837 0.225000 0.206612
10 0.611111 0.862259 0.216667 0.176309
10 0.722222 0.987603 0.083333 0.024793
10 0.051389 0.809917 0.102778 0.203857
10 0.061111 0.968320 0.122222 0.063361
10 0.108333 0.621212 0.127778 0.195592
