3 0.504167 0.497245 0.269444 0.267218
10 0.195833 0.387052 0.208333 0.217631
10 0.104167 0.563361 0.208333 0.206612
10 0.012500 0.422865 0.025000 0.134986
10 0.116667 0.311295 0.205556 0.198347
10 0.373611 0.720386 0.197222 0.168044
10 0.330556 0.652893 0.238889 0.159780
10 0.384722 0.918733 0.180556 0.162534
10 0.704167 0.732782 0.208333 0.214876
10 0.601389 0.716253 0.175000 0.176309
10 0.945833 0.668044 0.108333 0.173554
10 0.911111 0.836088 0.177778 0.217631
10 0.731944 0.184573 0.219444 0.192837
10 0.972222 0.019284 0.055556 0.038567
