3 0.509722 0.494490 0.330556 0.349862
10 0.684722 0.068871 0.202778 0.137741
10 0.488889 0.039945 0.161111 0.079890
10 0.237500 0.026171 0.163889 0.052342
10 0.413889 0.203857 0.200000 0.203857
10 0.254167 0.402204 0.180556 0.187328
10 0.112500 0.220386 0.202778 0.187328
10 0.058333 0.561983 0.116667 0.187328
10 0.045833 0.747934 0.091667 0.173554
10 0.216667 0.836088 0.200000 0.272727
10 0.573611 0.926997 0.225000 0.146006
10 0.563889 0.829201 0.194444 0.165289
10 0.780556 0.955923 0.211111 0.088154
10 0.895833 0.867769 0.186111 0.187328
10 0.818056 0.640496 0.191667 0.195592
10 0.958333 0.581267 0.083333 0.192837
10 0.744444 0.475207 0.138889 0.129477
