3 0.497222 0.505510 0.444444 0.283747
10 0.870833 0.057851 0.258333 0.115702
10 0.844444 0.241047 0.188889 0.212121
10 0.966667 0.706612 0.066667 0.146006
10 0.855556 0.851240 0.183333 0.170799
10 0.934722 0.986226 0.130556 0.027548
10 0.551389 0.848485 0.191667 0.165289
10 0.754167 0.650138 0.236111 0.203857
10 0.163889 0.873278 0.161111 0.165289
10 0.022222 0.888430 0.044444 0.223140
10 0.113889 0.643251 0.194444 0.250689
10 0.354167 0.265840 0.230556 0.140496
10 0.602778 0.257576 0.216667 0.190083
10 0.352778 0.084022 0.172222 0.162534
10 0.025000 0.077135 0.050000 0.154270
10 0.480556 0.089532 0.150000 0.179063
