3 0.502778 0.515152 0.300000 0.297521
10 0.265278 0.378788 0.258333 0.190083
10 0.127778 0.086777 0.250000 0.173554
10 0.620833 0.213499 0.230556 0.234160
10 0.836111 0.077135 0.188889 0.154270
10 0.977778 0.176309 0.044444 0.170799
10 0.804167 0.513774 0.180556 0.184573
10 0.868056 0.719008 0.191667 0.165289
10 0.913889 0.910468 0.172222 0.179063
10 0.700000 0.935262 0.172222 0.129477
10 0.162500 0.938017 0.197222 0.123967
10 0.031944 0.738292 0.063889 0.165289
10 0.200000 0.673554 0.194444 0.223140
10 0.031944 0.468320 0.063889 0.198347
