3 0.508333 0.513774 0.288889 0.333333
10 0.076389 0.946281 0.152778 0.107438
10 0.019444 0.774105 0.038889 0.181818
10 0.130556 0.742424 0.222222 0.289256
10 0.379167 0.896694 0.219444 0.206612
10 0.581944 0.906336 0.291667 0.187328
10 0.313889 0.790634 0.272222 0.143251
10 0.313889 0.622590 0.238889 0.225895
10 0.156944 0.460055 0.208333 0.231405
10 0.209722 0.311295 0.275000 0.236915
10 0.083333 0.088154 0.166667 0.170799
10 0.270833 0.084022 0.252778 0.168044
10 0.405556 0.213499 0.216667 0.261708
10 0.662500 0.134986 0.230556 0.264463
10 0.487500 0.026171 0.158333 0.052342
10 0.875000 0.056474 0.250000 0.112948
10 0.948611 0.224518 0.102778 0.190083
10 0.884722 0.309917 0.230556 0.195592
10 0.783333 0.530303 0.205556 0.272727
10 0.954167 0.595041 0.091667 0.253444
10 0.854167 0.807163 0.291667 0.253444
10 0.970833 0.953168 0.058333 0.093664
