10 0.623611 0.882920 0.197222 0.190083
10 0.772222 0.641873 0.183333 0.209366
10 0.952778 0.745179 0.094444 0.184573
10 0.965278 0.541322 0.069444 0.195592
10 0.898611 0.362259 0.197222 0.223140
10 0.798611 0.100551 0.241667 0.201102
10 0.672222 0.287879 0.227778 0.217631
10 0.443056 0.192837 0.219444 0.225895
10 0.273611 0.358127 0.230556 0.214876
10 0.420833 0.789256 0.213889 0.212121
10 0.420833 0.961433 0.230556 0.077135
10 0.197222 0.746556 0.205556 0.225895
10 0.290278 0.570248 0.263889 0.198347
10 0.062500 0.595041 0.125000 0.192837
