8 0.919444 0.406336 0.072222 0.063361
8 0.954167 0.636364 0.091667 0.082645
8 0.137500 0.209366 0.102778 0.099174
10 0.537500 0.202479 0.197222 0.195592
10 0.908333 0.252066 0.183333 0.206612
10 0.750000 0.746556 0.222222 0.209366
10 0.895833 0.793388 0.191667 0.192837
10 0.625000 0.906336 0.205556 0.181818
10 0.450000 0.920110 0.244444 0.137741
10 0.445833 0.732782 0.225000 0.203857
10 0.326389 0.646006 0.197222 0.212121
10 0.226389 0.444904 0.225000 0.228650
10 0.112500 0.600551 0.208333 0.209366
10 0.040278 0.774105 0.080556 0.192837
10 0.187500 0.917355 0.180556 0.165289
10 0.334722 0.074380 0.219444 0.148760
10 0.470833 0.052342 0.230556 0.099174
10 0.741667 0.143251 0.183333 0.192837
10 0.900000 0.061983 0.200000 0.123967
10 0.109722 0.075758 0.202778 0.151515
10 0.026389 0.292011 0.052778 0.203857
