4 0.493056 0.497245 0.330556 0.327824
8 0.323611 0.931129 0.075000 0.071625
10 0.841667 0.910468 0.238889 0.179063
10 0.925000 0.910468 0.150000 0.179063
10 0.940278 0.400826 0.119444 0.217631
10 0.695833 0.688705 0.219444 0.220386
10 0.380556 0.746556 0.238889 0.209366
10 0.229167 0.662534 0.286111 0.212121
10 0.147222 0.234160 0.233333 0.236915
10 0.066667 0.122590 0.133333 0.206612
10 0.062500 0.501377 0.125000 0.253444
10 0.370833 0.099174 0.230556 0.198347
10 0.525000 0.225895 0.266667 0.209366
10 0.777778 0.444904 0.216667 0.239669
10 0.847222 0.564738 0.138889 0.154270
10 0.894444 0.610193 0.205556 0.223140
10 0.459722 0.962810 0.213889 0.074380
10 0.136111 0.865014 0.238889 0.203857
10 0.223611 0.966942 0.180556 0.066116
10 0.065278 0.958678 0.130556 0.082645
10 0.966667 0.187328 0.066667 0.209366
10 0.902778 0.144628 0.188889 0.261708
10 0.720833 0.064738 0.380556 0.129477
