4 0.497222 0.527548 0.344444 0.333333
4 0.244444 0.845730 0.288889 0.303030
10 0.770833 0.666667 0.225000 0.253444
10 0.827778 0.352617 0.216667 0.236915
10 0.958333 0.581267 0.083333 0.258953
10 0.687500 0.964187 0.208333 0.071625
10 0.691667 0.911846 0.222222 0.176309
10 0.463889 0.946281 0.244444 0.107438
10 0.063889 0.661157 0.127778 0.269972
10 0.037500 0.892562 0.075000 0.214876
10 0.169444 0.502755 0.211111 0.228650
10 0.594444 0.263085 0.238889 0.223140
10 0.913889 0.106061 0.172222 0.212121
10 0.744444 0.034435 0.216667 0.068871
10 0.395833 0.066116 0.225000 0.132231
10 0.109722 0.268595 0.191667 0.190083
10 0.218056 0.279614 0.163889 0.217631
10 0.191667 0.042700 0.200000 0.085399
10 0.050000 0.092287 0.100000 0.184573
10 0.976389 0.331956 0.047222 0.184573
