4 0.495833 0.447658 0.363889 0.415978
10 0.752778 0.449036 0.244444 0.253444
10 0.786111 0.110193 0.261111 0.198347
10 0.968056 0.107438 0.063889 0.192837
10 0.938889 0.425620 0.122222 0.272727
10 0.930556 0.695592 0.138889 0.228650
10 0.916667 0.900826 0.166667 0.198347
10 0.716667 0.768595 0.244444 0.242424
10 0.619444 0.924242 0.205556 0.151515
10 0.408333 0.914601 0.238889 0.170799
10 0.179167 0.880165 0.213889 0.239669
10 0.301389 0.713499 0.219444 0.225895
10 0.075000 0.758953 0.150000 0.223140
10 0.106944 0.504132 0.213889 0.231405
10 0.237500 0.344353 0.219444 0.209366
10 0.604167 0.282369 0.247222 0.234160
10 0.270833 0.130854 0.252778 0.228650
10 0.086111 0.110193 0.172222 0.214876
