4 0.501389 0.472452 0.308333 0.382920
10 0.850000 0.414601 0.233333 0.250689
10 0.855556 0.761708 0.211111 0.217631
10 0.677778 0.243802 0.216667 0.217631
10 0.473611 0.125344 0.247222 0.250689
10 0.095833 0.126722 0.191667 0.242424
10 0.261111 0.304408 0.233333 0.261708
10 0.063889 0.807163 0.122222 0.192837
10 0.025000 0.611570 0.050000 0.181818
10 0.275000 0.893939 0.255556 0.201102
10 0.075000 0.955923 0.150000 0.088154
10 0.509722 0.796143 0.280556 0.253444
10 0.691667 0.610193 0.216667 0.223140
10 0.744444 0.953168 0.250000 0.093664
