4 0.500000 0.502755 0.277778 0.256198
8 0.170833 0.325069 0.097222 0.099174
10 0.731944 0.389807 0.208333 0.228650
10 0.966667 0.107438 0.066667 0.203857
10 0.894444 0.287879 0.205556 0.234160
10 0.898611 0.508264 0.202778 0.201102
10 0.851389 0.692837 0.202778 0.239669
10 0.212500 0.732782 0.236111 0.231405
10 0.072222 0.556474 0.144444 0.225895
10 0.290278 0.451791 0.191667 0.258953
10 0.195833 0.468320 0.152778 0.214876
10 0.261111 0.068871 0.244444 0.132231
10 0.633333 0.962810 0.238889 0.074380
10 0.954167 0.902204 0.091667 0.173554
