4 0.495833 0.498623 0.297222 0.297521
10 0.734722 0.650138 0.252778 0.225895
10 0.841667 0.181818 0.233333 0.209366
10 0.948611 0.592287 0.102778 0.192837
10 0.886111 0.826446 0.216667 0.242424
10 0.576389 0.847107 0.247222 0.228650
10 0.309722 0.681818 0.236111 0.212121
10 0.244444 0.283747 0.250000 0.225895
10 0.594444 0.150138 0.238889 0.256198
10 0.043056 0.247934 0.086111 0.209366
10 0.120833 0.812672 0.219444 0.225895
10 0.363889 0.944904 0.216667 0.110193
10 0.826389 0.033058 0.191667 0.066116
10 0.961111 0.079890 0.077778 0.137741
