4 0.486111 0.544077 0.316667 0.388430
10 0.725000 0.560606 0.222222 0.217631
10 0.806944 0.318182 0.213889 0.228650
10 0.922222 0.557851 0.150000 0.195592
10 0.902778 0.786501 0.194444 0.223140
10 0.891667 0.958678 0.216667 0.082645
10 0.645833 0.955923 0.208333 0.088154
10 0.493056 0.842975 0.236111 0.209366
10 0.354167 0.979339 0.180556 0.041322
10 0.119444 0.951791 0.216667 0.096419
10 0.065278 0.789256 0.130556 0.228650
10 0.219444 0.652893 0.211111 0.225895
10 0.043056 0.546832 0.086111 0.217631
10 0.055556 0.331956 0.111111 0.201102
10 0.243056 0.351240 0.225000 0.228650
10 0.088889 0.119835 0.177778 0.228650
10 0.647222 0.159780 0.227778 0.220386
10 0.919444 0.112948 0.161111 0.214876
10 0.462500 0.064738 0.247222 0.129477
10 0.968056 0.322314 0.063889 0.187328
