4 0.500000 0.500000 0.305556 0.305785
8 0.744444 0.946281 0.077778 0.096419
8 0.744444 0.136364 0.077778 0.079890
10 0.870833 0.206612 0.208333 0.198347
10 0.748611 0.402204 0.213889 0.220386
10 0.886111 0.771350 0.200000 0.209366
10 0.658333 0.739669 0.216667 0.206612
10 0.412500 0.719008 0.191667 0.209366
10 0.243056 0.544077 0.208333 0.212121
10 0.376389 0.929752 0.236111 0.140496
10 0.159722 0.707989 0.219444 0.214876
10 0.070833 0.849862 0.141667 0.223140
10 0.052778 0.377410 0.105556 0.214876
10 0.140278 0.093664 0.230556 0.187328
10 0.376389 0.074380 0.208333 0.148760
10 0.681944 0.044077 0.208333 0.088154
10 0.901389 0.044077 0.197222 0.088154
