4 0.504167 0.495868 0.369444 0.347107
8 0.194444 0.174931 0.066667 0.074380
10 0.383333 0.165289 0.233333 0.236915
10 0.931944 0.282369 0.136111 0.195592
10 0.933333 0.720386 0.133333 0.190083
10 0.813889 0.935262 0.238889 0.129477
10 0.711111 0.719008 0.227778 0.209366
10 0.741667 0.203857 0.238889 0.214876
10 0.912500 0.060606 0.175000 0.121212
10 0.558333 0.061983 0.227778 0.118457
10 0.284722 0.030303 0.197222 0.060606
10 0.123611 0.282369 0.202778 0.223140
10 0.229167 0.541322 0.191667 0.206612
10 0.075000 0.611570 0.150000 0.220386
10 0.056944 0.819559 0.113889 0.190083
10 0.361111 0.906336 0.222222 0.187328
10 0.112500 0.973829 0.219444 0.052342
