4 0.501389 0.498623 0.369444 0.352617
10 0.655556 0.840220 0.233333 0.225895
10 0.897222 0.845730 0.205556 0.214876
10 0.861111 0.582645 0.216667 0.195592
10 0.941667 0.506887 0.116667 0.264463
10 0.893056 0.180441 0.213889 0.212121
10 0.666667 0.254821 0.205556 0.239669
10 0.475000 0.092287 0.200000 0.184573
10 0.261111 0.179063 0.227778 0.214876
10 0.209722 0.404959 0.236111 0.203857
10 0.079167 0.575758 0.158333 0.187328
10 0.298611 0.859504 0.208333 0.214876
10 0.073611 0.818182 0.147222 0.214876
10 0.080556 0.935262 0.161111 0.129477
