4 0.501389 0.502755 0.330556 0.316804
10 0.777778 0.508264 0.216667 0.234160
10 0.947222 0.398072 0.105556 0.228650
10 0.881944 0.735537 0.213889 0.253444
10 0.688889 0.858127 0.222222 0.239669
10 0.465278 0.785124 0.213889 0.236915
10 0.216667 0.801653 0.222222 0.231405
10 0.101389 0.958678 0.202778 0.082645
10 0.038889 0.811295 0.077778 0.206612
10 0.191667 0.513774 0.222222 0.234160
10 0.087500 0.320937 0.175000 0.245179
10 0.191667 0.114325 0.255556 0.223140
10 0.522222 0.099174 0.183333 0.198347
10 0.734722 0.130854 0.236111 0.223140
10 0.916667 0.190083 0.166667 0.203857
