4 0.504167 0.512397 0.358333 0.369146
10 0.904167 0.570248 0.191667 0.242424
10 0.872222 0.896694 0.227778 0.206612
10 0.680556 0.785124 0.194444 0.236915
10 0.500000 0.811295 0.188889 0.272727
10 0.311111 0.752066 0.200000 0.236915
10 0.304167 0.944904 0.258333 0.110193
10 0.095833 0.780992 0.191667 0.234160
10 0.112500 0.210744 0.225000 0.245179
10 0.302778 0.327824 0.311111 0.292011
10 0.447222 0.195592 0.233333 0.253444
10 0.611111 0.088154 0.244444 0.176309
10 0.922222 0.118457 0.155556 0.236915
