8 0.598611 0.887052 0.102778 0.110193
5 0.508333 0.501377 0.416667 0.446281
10 0.940278 0.081267 0.119444 0.157025
10 0.975000 0.205234 0.050000 0.123967
10 0.683333 0.202479 0.244444 0.234160
10 0.652778 0.005510 0.127778 0.011019
10 0.312500 0.035813 0.275000 0.071625
10 0.083333 0.067493 0.166667 0.134986
10 0.052778 0.239669 0.105556 0.115702
10 0.062500 0.342975 0.125000 0.151515
10 0.211111 0.282369 0.272222 0.195592
10 0.276389 0.231405 0.258333 0.159780
10 0.134722 0.571625 0.208333 0.212121
10 0.297222 0.760331 0.244444 0.253444
10 0.211111 0.933884 0.277778 0.132231
10 0.056944 0.973829 0.113889 0.052342
10 0.716667 0.836088 0.200000 0.223140
10 0.805556 0.644628 0.244444 0.231405
10 0.922222 0.794766 0.155556 0.228650
10 0.852778 0.389807 0.238889 0.201102
10 0.830556 0.282369 0.233333 0.184573
