5 0.501389 0.498623 0.369444 0.369146
8 0.787500 0.130854 0.102778 0.096419
8 0.583333 0.924242 0.205556 0.151515
10 0.422222 0.042700 0.311111 0.085399
10 0.036111 0.239669 0.072222 0.231405
10 0.054167 0.566116 0.102778 0.278237
10 0.175000 0.710744 0.272222 0.286501
10 0.095833 0.925620 0.191667 0.148760
10 0.345833 0.936639 0.169444 0.126722
10 0.663889 0.739669 0.227778 0.217631
10 0.811111 0.413223 0.205556 0.231405
10 0.966667 0.403581 0.066667 0.206612
10 0.950000 0.841598 0.100000 0.278237
10 0.913889 0.815427 0.172222 0.225895
10 0.611111 0.169421 0.216667 0.206612
10 0.786111 0.046832 0.222222 0.093664
10 0.950000 0.063361 0.100000 0.126722
