5 0.506944 0.498623 0.380556 0.369146
8 0.134722 0.662534 0.102778 0.107438
10 0.058333 0.155647 0.116667 0.217631
10 0.231944 0.184573 0.186111 0.220386
10 0.633333 0.028926 0.155556 0.057851
10 0.736111 0.075758 0.194444 0.129477
10 0.797222 0.041322 0.144444 0.082645
10 0.984722 0.106061 0.030556 0.134986
10 0.838889 0.329201 0.255556 0.212121
10 0.830556 0.363636 0.183333 0.176309
10 0.787500 0.506887 0.202778 0.258953
10 0.116667 0.519284 0.200000 0.223140
10 0.197222 0.522039 0.138889 0.179063
10 0.247222 0.577135 0.183333 0.267218
10 0.023611 0.734160 0.047222 0.123967
10 0.125000 0.965565 0.194444 0.068871
10 0.404167 0.976584 0.241667 0.046832
10 0.754167 0.865014 0.158333 0.187328
10 0.790278 0.837466 0.213889 0.203857
10 0.326389 0.749311 0.169444 0.181818
10 0.390278 0.853994 0.236111 0.165289
10 0.448611 0.789256 0.230556 0.184573
10 0.554167 0.757576 0.163889 0.198347
10 0.687500 0.728650 0.219444 0.195592
