5 0.498611 0.511019 0.436111 0.449036
10 0.056944 0.063361 0.113889 0.126722
10 0.200000 0.060606 0.183333 0.121212
10 0.341667 0.174931 0.227778 0.212121
10 0.168056 0.311295 0.219444 0.209366
10 0.026389 0.327824 0.052778 0.236915
10 0.023611 0.646006 0.047222 0.217631
10 0.111111 0.782369 0.183333 0.214876
10 0.068056 0.957300 0.136111 0.085399
10 0.294444 0.735537 0.155556 0.220386
10 0.472222 0.812672 0.200000 0.209366
10 0.581944 0.940771 0.202778 0.118457
10 0.773611 0.987603 0.119444 0.024793
10 0.673611 0.815427 0.191667 0.209366
10 0.891667 0.889807 0.216667 0.220386
10 0.944444 0.674931 0.111111 0.220386
10 0.823611 0.531680 0.197222 0.242424
10 0.931944 0.282369 0.136111 0.228650
10 0.805556 0.161157 0.200000 0.201102
10 0.634722 0.042700 0.175000 0.085399
10 0.797222 0.028926 0.161111 0.057851
10 0.927778 0.059229 0.144444 0.118457
