5 0.508333 0.498623 0.472222 0.462810
8 0.073611 0.353994 0.091667 0.118457
8 0.797222 0.232782 0.083333 0.046832
10 0.491667 0.059229 0.261111 0.118457
10 0.079167 0.126722 0.158333 0.209366
10 0.241667 0.126722 0.211111 0.225895
10 0.015278 0.315427 0.030556 0.118457
10 0.215278 0.378788 0.202778 0.245179
10 0.463889 0.212121 0.211111 0.203857
10 0.691667 0.297521 0.200000 0.231405
10 0.873611 0.219008 0.202778 0.261708
10 0.983333 0.114325 0.033333 0.112948
10 0.977778 0.450413 0.044444 0.162534
10 0.836111 0.476584 0.183333 0.220386
10 0.740278 0.672176 0.197222 0.209366
10 0.134722 0.694215 0.213889 0.209366
10 0.047222 0.876033 0.094444 0.247934
10 0.215278 0.977961 0.169444 0.044077
10 0.590278 0.859504 0.219444 0.192837
10 0.916667 0.928375 0.166667 0.143251
