5 0.502778 0.498623 0.500000 0.429752
8 0.863889 0.126722 0.050000 0.055096
10 0.198611 0.115702 0.208333 0.231405
10 0.030556 0.041322 0.061111 0.082645
10 0.401389 0.038567 0.175000 0.077135
10 0.687500 0.246556 0.219444 0.245179
10 0.786111 0.096419 0.238889 0.181818
10 0.938889 0.181818 0.122222 0.236915
10 0.955556 0.333333 0.088889 0.236915
10 0.015278 0.495868 0.030556 0.236915
10 0.145833 0.556474 0.247222 0.225895
10 0.319444 0.738292 0.227778 0.220386
10 0.520833 0.782369 0.258333 0.165289
10 0.737500 0.670799 0.219444 0.217631
10 0.837500 0.539945 0.236111 0.258953
10 0.936111 0.721763 0.127778 0.297521
10 0.238889 0.973829 0.188889 0.052342
10 0.059722 0.944904 0.119444 0.110193
