6 0.511111 0.520661 0.455556 0.517906
10 0.981944 0.060606 0.036111 0.121212
10 0.930556 0.147383 0.138889 0.129477
10 0.738889 0.009642 0.116667 0.019284
10 0.695833 0.195592 0.213889 0.209366
10 0.356944 0.053719 0.213889 0.107438
10 0.343056 0.132231 0.186111 0.231405
10 0.068056 0.038567 0.136111 0.077135
10 0.126389 0.088154 0.186111 0.176309
10 0.179167 0.309917 0.197222 0.201102
10 0.025000 0.342975 0.050000 0.195592
10 0.086111 0.953168 0.172222 0.093664
10 0.059722 0.814050 0.119444 0.206612
10 0.254167 0.858127 0.197222 0.195592
10 0.287500 0.714876 0.191667 0.179063
10 0.555556 0.954545 0.205556 0.090909
10 0.587500 0.789256 0.208333 0.190083
10 0.818056 0.865014 0.213889 0.181818
10 0.761111 0.984848 0.161111 0.030303
10 0.963889 0.537190 0.072222 0.198347
10 0.859722 0.530303 0.202778 0.195592
10 0.805556 0.396694 0.200000 0.198347
