2 0.509722 0.560606 0.530556 0.537190
8 0.261111 0.154270 0.050000 0.066116
10 0.025000 0.067493 0.050000 0.134986
10 0.108333 0.017906 0.161111 0.035813
10 0.138889 0.144628 0.177778 0.179063
10 0.277778 0.258953 0.238889 0.181818
10 0.423611 0.066116 0.230556 0.132231
10 0.723611 0.108815 0.202778 0.201102
10 0.901389 0.183196 0.197222 0.190083
10 0.916667 0.023416 0.166667 0.046832
10 0.918056 0.403581 0.163889 0.179063
10 0.872222 0.789256 0.227778 0.184573
10 0.645833 0.949036 0.186111 0.101928
10 0.444444 0.986226 0.116667 0.027548
10 0.229167 0.929752 0.213889 0.140496
10 0.112500 0.764463 0.197222 0.190083
10 0.120833 0.526171 0.202778 0.203857
