6 0.504167 0.505510 0.419444 0.404959
8 0.841667 0.264463 0.038889 0.044077
8 0.398611 0.721763 0.097222 0.099174
10 0.894444 0.101928 0.211111 0.203857
10 0.645833 0.180441 0.191667 0.195592
10 0.430556 0.144628 0.205556 0.190083
10 0.191667 0.118457 0.222222 0.214876
10 0.111111 0.336088 0.222222 0.236915
10 0.227778 0.615702 0.161111 0.201102
10 0.236111 0.785124 0.238889 0.209366
10 0.031944 0.812672 0.063889 0.198347
10 0.058333 0.954545 0.116667 0.090909
10 0.265278 0.958678 0.197222 0.082645
10 0.629167 0.976584 0.158333 0.046832
10 0.687500 0.917355 0.225000 0.165289
10 0.976389 0.966942 0.047222 0.066116
10 0.930556 0.780992 0.138889 0.228650
10 0.954167 0.538567 0.091667 0.195592
10 0.920833 0.413223 0.158333 0.187328
10 0.819444 0.509642 0.172222 0.225895
10 0.761111 0.673554 0.216667 0.206612
