6 0.494444 0.509642 0.422222 0.721763
10 0.136111 0.030303 0.166667 0.060606
10 0.269444 0.022039 0.161111 0.044077
10 0.381944 0.139118 0.225000 0.195592
10 0.683333 0.063361 0.183333 0.126722
10 0.762500 0.129477 0.186111 0.170799
10 0.956944 0.118457 0.086111 0.176309
10 0.873611 0.333333 0.186111 0.170799
10 0.890278 0.548209 0.219444 0.209366
10 0.812500 0.848485 0.202778 0.220386
10 0.931944 0.942149 0.136111 0.115702
10 0.613889 0.940771 0.194444 0.118457
10 0.376389 0.951791 0.186111 0.096419
10 0.186111 0.803030 0.194444 0.190083
10 0.177778 0.595041 0.172222 0.187328
10 0.237500 0.336088 0.175000 0.203857
10 0.030556 0.144628 0.061111 0.201102
10 0.083333 0.399449 0.166667 0.198347
10 0.051389 0.903581 0.102778 0.192837
