6 0.500000 0.504132 0.472222 0.429752
10 0.934722 0.034435 0.130556 0.068871
10 0.776389 0.139118 0.191667 0.212121
10 0.866667 0.316804 0.211111 0.203857
10 0.790278 0.509642 0.191667 0.187328
10 0.983333 0.662534 0.033333 0.134986
10 0.915278 0.973829 0.169444 0.052342
10 0.612500 0.761708 0.225000 0.146006
10 0.362500 0.844353 0.202778 0.206612
10 0.223611 0.958678 0.136111 0.082645
10 0.055556 0.815427 0.111111 0.165289
10 0.158333 0.669421 0.205556 0.231405
10 0.056944 0.534435 0.113889 0.187328
10 0.020833 0.358127 0.041667 0.121212
10 0.159722 0.274105 0.208333 0.168044
