6 0.500000 0.500000 0.338889 0.349862
10 0.862500 0.022039 0.136111 0.044077
10 0.759722 0.031680 0.186111 0.063361
10 0.366667 0.024793 0.138889 0.049587
10 0.088889 0.048209 0.177778 0.096419
10 0.295833 0.181818 0.247222 0.209366
10 0.206944 0.387052 0.202778 0.157025
10 0.161111 0.578512 0.205556 0.170799
10 0.023611 0.447658 0.047222 0.179063
10 0.047222 0.702479 0.094444 0.225895
10 0.075000 0.757576 0.150000 0.225895
10 0.270833 0.845730 0.180556 0.247934
10 0.361111 0.787879 0.233333 0.176309
10 0.541667 0.801653 0.188889 0.148760
10 0.679167 0.939394 0.241667 0.121212
10 0.436111 0.965565 0.183333 0.068871
10 0.754167 0.680441 0.236111 0.264463
10 0.783333 0.337466 0.211111 0.256198
10 0.940278 0.573003 0.119444 0.159780
10 0.938889 0.691460 0.122222 0.176309
