6 0.504167 0.495868 0.358333 0.369146
8 0.040278 0.528926 0.058333 0.082645
8 0.091667 0.611570 0.066667 0.071625
10 0.976389 0.155647 0.047222 0.179063
10 0.822222 0.133609 0.216667 0.184573
10 0.700000 0.023416 0.155556 0.046832
10 0.641667 0.260331 0.211111 0.239669
10 0.893056 0.392562 0.197222 0.184573
10 0.922222 0.626722 0.155556 0.239669
10 0.750000 0.673554 0.216667 0.206612
10 0.848611 0.869146 0.202778 0.179063
10 0.601389 0.969697 0.186111 0.060606
10 0.475000 0.884298 0.200000 0.225895
10 0.204167 0.878788 0.197222 0.187328
10 0.231944 0.746556 0.241667 0.198347
10 0.031944 0.713499 0.063889 0.209366
10 0.138889 0.422865 0.216667 0.223140
10 0.077778 0.198347 0.155556 0.214876
10 0.313889 0.023416 0.194444 0.046832
