6 0.542350 0.441734 0.439891 0.439024
8 0.408470 0.636856 0.079235 0.059621
8 0.321038 0.174797 0.095628 0.100271
10 0.795082 0.098916 0.207650 0.197832
10 0.474044 0.039295 0.215847 0.078591
10 0.057377 0.115176 0.114754 0.186992
10 0.065574 0.447154 0.131148 0.227642
10 0.199454 0.411924 0.174863 0.205962
10 0.285519 0.275068 0.248634 0.165312
10 0.025956 0.692412 0.051913 0.132791
10 0.060109 0.922764 0.092896 0.154472
10 0.270492 0.856369 0.240437 0.233062
10 0.400273 0.966125 0.177596 0.067751
10 0.676230 0.959350 0.237705 0.081301
10 0.766393 0.806233 0.199454 0.208672
10 0.528689 0.789973 0.243169 0.252033
10 0.867486 0.592141 0.226776 0.246612
10 0.965847 0.814363 0.068306 0.132791
10 0.952186 0.933604 0.095628 0.132791
