6 0.530556 0.519284 0.488889 0.493113
8 0.862500 0.873278 0.086111 0.115702
10 0.956944 0.055096 0.086111 0.110193
10 0.834722 0.170799 0.175000 0.165289
10 0.894444 0.252066 0.183333 0.228650
10 0.848611 0.446281 0.202778 0.192837
10 0.968056 0.528926 0.063889 0.214876
10 0.870833 0.655647 0.186111 0.209366
10 0.643056 0.692837 0.191667 0.206612
10 0.652778 0.015152 0.088889 0.030303
10 0.327778 0.019284 0.161111 0.038567
10 0.095833 0.050964 0.191667 0.101928
10 0.281944 0.195592 0.186111 0.192837
10 0.070833 0.406336 0.141667 0.184573
10 0.025000 0.630854 0.050000 0.214876
10 0.063889 0.889807 0.127778 0.220386
10 0.297222 0.917355 0.194444 0.143251
10 0.254167 0.814050 0.230556 0.190083
10 0.569444 0.900826 0.288889 0.198347
10 0.748611 0.979339 0.191667 0.041322
10 0.923611 0.935262 0.152778 0.129477
10 0.966667 0.896694 0.066667 0.162534
