6 0.494444 0.549587 0.494444 0.404959
8 0.438889 0.101928 0.061111 0.066116
8 0.473611 0.252066 0.075000 0.079890
8 0.129167 0.734160 0.075000 0.074380
8 0.406944 0.876033 0.063889 0.060606
8 0.988889 0.585399 0.022222 0.068871
10 0.048611 0.217631 0.097222 0.176309
10 0.076389 0.163912 0.152778 0.190083
10 0.122222 0.038567 0.188889 0.077135
10 0.322222 0.106061 0.200000 0.212121
10 0.456944 0.209366 0.202778 0.187328
10 0.331944 0.252066 0.180556 0.217631
10 0.211111 0.309917 0.216667 0.228650
10 0.152778 0.433884 0.205556 0.217631
10 0.062500 0.494490 0.125000 0.228650
10 0.183333 0.549587 0.166667 0.223140
10 0.219444 0.707989 0.183333 0.181818
10 0.088889 0.757576 0.177778 0.192837
10 0.034722 0.820937 0.069444 0.181818
10 0.098611 0.972452 0.175000 0.055096
10 0.241667 0.903581 0.188889 0.192837
10 0.529167 0.936639 0.158333 0.126722
10 0.431944 0.946281 0.141667 0.107438
10 0.720833 0.915978 0.197222 0.168044
10 0.855556 0.903581 0.194444 0.192837
10 0.748611 0.739669 0.180556 0.217631
10 0.900000 0.665289 0.161111 0.201102
10 0.852778 0.533058 0.161111 0.201102
10 0.787500 0.442149 0.197222 0.239669
10 0.841667 0.272727 0.205556 0.220386
10 0.920833 0.254821 0.158333 0.195592
10 0.661111 0.276860 0.172222 0.184573
10 0.743056 0.187328 0.180556 0.225895
10 0.786111 0.059229 0.200000 0.118457
