6 0.502778 0.504132 0.383333 0.380165
8 0.244444 0.519284 0.050000 0.046832
8 0.159722 0.608815 0.069444 0.077135
10 0.240278 0.050964 0.186111 0.101928
10 0.287500 0.192837 0.213889 0.203857
10 0.936111 0.161157 0.127778 0.212121
10 0.863889 0.472452 0.233333 0.234160
10 0.769444 0.634986 0.227778 0.195592
10 0.940278 0.913223 0.119444 0.173554
10 0.793056 0.926997 0.180556 0.146006
10 0.708333 0.900826 0.172222 0.198347
10 0.552778 0.801653 0.188889 0.181818
10 0.330556 0.979339 0.111111 0.041322
10 0.136111 0.921488 0.200000 0.157025
10 0.211111 0.849862 0.166667 0.168044
10 0.250000 0.679063 0.172222 0.217631
10 0.077778 0.651515 0.155556 0.184573
10 0.072222 0.433884 0.144444 0.206612
