6 0.501389 0.506887 0.425000 0.435262
8 0.491667 0.958678 0.100000 0.082645
10 0.038889 0.107438 0.077778 0.198347
10 0.223611 0.093664 0.213889 0.187328
10 0.415278 0.027548 0.197222 0.055096
10 0.701389 0.031680 0.169444 0.063361
10 0.863889 0.134986 0.216667 0.236915
10 0.963889 0.103306 0.072222 0.195592
10 0.634722 0.202479 0.241667 0.217631
10 0.801389 0.385675 0.197222 0.209366
10 0.943056 0.549587 0.113889 0.228650
10 0.933333 0.891185 0.133333 0.217631
10 0.870833 0.958678 0.191667 0.082645
10 0.679167 0.907713 0.208333 0.184573
10 0.509722 0.797521 0.202778 0.190083
10 0.348611 0.936639 0.152778 0.126722
10 0.127778 0.786501 0.227778 0.234160
10 0.186111 0.644628 0.216667 0.220386
10 0.195833 0.391185 0.208333 0.225895
10 0.111111 0.314050 0.222222 0.225895
