6 0.501389 0.495868 0.502778 0.584022
10 0.887500 0.027548 0.225000 0.055096
10 0.847222 0.165289 0.244444 0.192837
10 0.652778 0.044077 0.177778 0.088154
10 0.430556 0.041322 0.238889 0.082645
10 0.281944 0.110193 0.247222 0.203857
10 0.191667 0.202479 0.288889 0.201102
10 0.137500 0.363636 0.275000 0.203857
10 0.145833 0.537190 0.263889 0.198347
10 0.036111 0.601928 0.072222 0.195592
10 0.204167 0.710744 0.197222 0.159780
10 0.076389 0.827824 0.152778 0.212121
10 0.068056 0.973829 0.136111 0.052342
10 0.293056 0.873278 0.275000 0.154270
10 0.265278 0.966942 0.247222 0.066116
10 0.443056 0.980716 0.119444 0.038567
10 0.573611 0.915978 0.252778 0.168044
10 0.658333 0.881543 0.233333 0.214876
10 0.805556 0.764463 0.205556 0.267218
10 0.804167 0.491736 0.202778 0.184573
10 0.762500 0.307163 0.269444 0.146006
10 0.572222 0.173554 0.283333 0.192837
