7 0.500000 0.497245 0.355556 0.355372
10 0.786111 0.371901 0.216667 0.192837
10 0.929167 0.451791 0.141667 0.214876
10 0.895833 0.225895 0.208333 0.181818
10 0.920833 0.095041 0.158333 0.190083
10 0.677778 0.067493 0.200000 0.134986
10 0.391667 0.042700 0.150000 0.085399
10 0.393056 0.187328 0.175000 0.258953
10 0.602778 0.267218 0.205556 0.192837
10 0.812500 0.758953 0.197222 0.206612
10 0.922222 0.800275 0.155556 0.179063
10 0.955556 0.651515 0.088889 0.217631
10 0.525000 0.786501 0.216667 0.206612
10 0.643056 0.752066 0.158333 0.198347
10 0.388889 0.949036 0.200000 0.101928
10 0.259722 0.650138 0.180556 0.187328
10 0.369444 0.701102 0.172222 0.134986
10 0.091667 0.336088 0.183333 0.247934
10 0.047222 0.070248 0.094444 0.140496
10 0.245833 0.096419 0.180556 0.192837
10 0.150000 0.112948 0.200000 0.198347
10 0.150000 0.235537 0.183333 0.195592
10 0.166667 0.477961 0.216667 0.206612
10 0.248611 0.403581 0.158333 0.184573
10 0.040278 0.557851 0.080556 0.206612
10 0.587500 0.973829 0.180556 0.052342
