7 0.505556 0.513774 0.400000 0.388430
8 0.611111 0.055096 0.083333 0.066116
10 0.469444 0.067493 0.216667 0.134986
10 0.279167 0.088154 0.163889 0.176309
10 0.126389 0.101928 0.180556 0.203857
10 0.093056 0.329201 0.186111 0.228650
10 0.250000 0.261708 0.177778 0.192837
10 0.536111 0.161157 0.188889 0.217631
10 0.709722 0.292011 0.163889 0.258953
10 0.904167 0.261708 0.191667 0.280992
10 0.209722 0.573003 0.219444 0.159780
10 0.205556 0.531680 0.200000 0.231405
10 0.029167 0.742424 0.058333 0.173554
10 0.145833 0.848485 0.219444 0.231405
10 0.244444 0.858127 0.205556 0.195592
10 0.465278 0.910468 0.208333 0.179063
10 0.338889 0.964187 0.205556 0.071625
10 0.618056 0.793388 0.202778 0.236915
10 0.661111 0.940771 0.216667 0.118457
10 0.762500 0.618457 0.180556 0.212121
10 0.920833 0.564738 0.158333 0.231405
10 0.927778 0.796143 0.144444 0.165289
