7 0.501389 0.523416 0.425000 0.429752
8 0.358333 0.154270 0.072222 0.066116
10 0.161111 0.101928 0.194444 0.203857
10 0.237500 0.308540 0.225000 0.198347
10 0.854167 0.213499 0.208333 0.250689
10 0.800000 0.134986 0.255556 0.165289
10 0.797222 0.400826 0.211111 0.212121
10 0.930556 0.440771 0.138889 0.242424
10 0.972222 0.644628 0.055556 0.181818
10 0.970833 0.863636 0.058333 0.168044
10 0.744444 0.834711 0.211111 0.236915
10 0.561111 0.834711 0.161111 0.280992
10 0.352778 0.774105 0.266667 0.192837
10 0.187500 0.595041 0.202778 0.214876
10 0.576389 0.230028 0.191667 0.217631
10 0.159722 0.903581 0.191667 0.192837
