7 0.502778 0.505510 0.366667 0.355372
8 0.563889 0.104683 0.077778 0.060606
8 0.966667 0.757576 0.066667 0.082645
10 0.948611 0.524793 0.102778 0.234160
10 0.786111 0.402204 0.244444 0.247934
10 0.776389 0.603306 0.208333 0.225895
10 0.770833 0.684573 0.225000 0.228650
10 0.788889 0.913223 0.211111 0.173554
10 0.855556 0.944904 0.188889 0.110193
10 0.198611 0.847107 0.225000 0.206612
10 0.063889 0.581267 0.127778 0.220386
10 0.112500 0.541322 0.180556 0.195592
10 0.227778 0.586777 0.200000 0.242424
10 0.208333 0.279614 0.188889 0.206612
10 0.320833 0.260331 0.219444 0.195592
10 0.425000 0.249311 0.238889 0.184573
10 0.131944 0.060606 0.202778 0.121212
10 0.608333 0.037190 0.200000 0.074380
