7 0.512500 0.501377 0.358333 0.352617
8 0.361111 0.199725 0.072222 0.079890
10 0.348611 0.205234 0.219444 0.228650
10 0.509722 0.071625 0.213889 0.143251
10 0.070833 0.050964 0.141667 0.101928
10 0.119444 0.206612 0.211111 0.225895
10 0.038889 0.370523 0.077778 0.223140
10 0.211111 0.422865 0.216667 0.212121
10 0.793056 0.190083 0.247222 0.258953
10 0.916667 0.056474 0.166667 0.112948
10 0.761111 0.654270 0.244444 0.256198
10 0.797222 0.758953 0.261111 0.212121
10 0.430556 0.896694 0.172222 0.206612
10 0.363889 0.950413 0.205556 0.099174
10 0.156944 0.782369 0.225000 0.198347
10 0.130556 0.713499 0.161111 0.176309
