7 0.505556 0.505510 0.472222 0.432507
8 0.655556 0.253444 0.077778 0.077135
10 0.747222 0.170799 0.238889 0.220386
10 0.818056 0.079890 0.197222 0.159780
10 0.559722 0.090909 0.247222 0.181818
10 0.798611 0.404959 0.213889 0.203857
10 0.231944 0.066116 0.197222 0.132231
10 0.120833 0.126722 0.225000 0.220386
10 0.179167 0.389807 0.252778 0.245179
10 0.054167 0.677686 0.108333 0.214876
10 0.077778 0.906336 0.155556 0.187328
10 0.295833 0.701102 0.213889 0.212121
10 0.495833 0.785124 0.213889 0.203857
10 0.895833 0.606061 0.208333 0.225895
10 0.951389 0.676309 0.097222 0.201102
10 0.918056 0.902204 0.152778 0.173554
10 0.961111 0.910468 0.077778 0.179063
10 0.594444 0.938017 0.211111 0.123967
10 0.323611 0.940771 0.208333 0.118457
