7 0.504167 0.504132 0.508333 0.435262
10 0.891667 0.553719 0.211111 0.247934
10 0.968056 0.581267 0.063889 0.181818
10 0.937500 0.117080 0.125000 0.234160
10 0.588889 0.067493 0.233333 0.134986
10 0.355556 0.050964 0.211111 0.101928
10 0.122222 0.101928 0.238889 0.203857
10 0.140278 0.396694 0.191667 0.247934
10 0.102778 0.716253 0.205556 0.209366
10 0.129167 0.958678 0.213889 0.082645
10 0.508333 0.921488 0.266667 0.157025
10 0.291667 0.790634 0.211111 0.269972
10 0.443056 0.757576 0.141667 0.203857
10 0.694444 0.677686 0.222222 0.314050
10 0.695833 0.767218 0.247222 0.223140
