7 0.505556 0.504132 0.322222 0.319559
10 0.886111 0.133609 0.188889 0.184573
10 0.826389 0.089532 0.191667 0.179063
10 0.654167 0.046832 0.230556 0.093664
10 0.052778 0.039945 0.105556 0.079890
10 0.322222 0.130854 0.194444 0.184573
10 0.250000 0.119835 0.183333 0.217631
10 0.186111 0.292011 0.205556 0.187328
10 0.133333 0.461433 0.205556 0.190083
10 0.047222 0.621212 0.094444 0.223140
10 0.180556 0.524793 0.161111 0.190083
10 0.251389 0.555096 0.163889 0.217631
10 0.652778 0.892562 0.200000 0.214876
10 0.831944 0.698347 0.208333 0.206612
10 0.920833 0.742424 0.158333 0.173554
10 0.954167 0.746556 0.091667 0.176309
10 0.948611 0.567493 0.102778 0.181818
10 0.972222 0.931129 0.055556 0.137741
