7 0.506944 0.500000 0.380556 0.360882
8 0.165278 0.119835 0.091667 0.096419
10 0.063889 0.344353 0.127778 0.209366
10 0.087500 0.258953 0.175000 0.176309
10 0.820833 0.064738 0.208333 0.129477
10 0.630556 0.183196 0.216667 0.217631
10 0.776389 0.336088 0.213889 0.209366
10 0.938889 0.425620 0.122222 0.212121
10 0.808333 0.544077 0.227778 0.212121
10 0.900000 0.749311 0.200000 0.203857
10 0.975000 0.907713 0.050000 0.184573
10 0.427778 0.786501 0.222222 0.206612
10 0.231944 0.599174 0.236111 0.256198
10 0.173611 0.811295 0.258333 0.228650
10 0.413889 0.962810 0.172222 0.074380
8 0.133333 0.655647 0.083333 0.082645
8 0.077778 0.628099 0.072222 0.055096
8 0.051389 0.573003 0.075000 0.066116
