7 0.506944 0.509642 0.386111 0.402204
10 0.751389 0.426997 0.175000 0.198347
10 0.843056 0.274105 0.236111 0.217631
10 0.948611 0.123967 0.102778 0.192837
10 0.680556 0.071625 0.188889 0.143251
10 0.606944 0.057851 0.191667 0.115702
10 0.909722 0.643251 0.180556 0.206612
10 0.862500 0.842975 0.225000 0.209366
10 0.702778 0.659780 0.205556 0.201102
10 0.650000 0.878788 0.200000 0.214876
10 0.340278 0.911846 0.219444 0.176309
10 0.475000 0.765840 0.216667 0.187328
10 0.233333 0.747934 0.200000 0.190083
10 0.140278 0.772727 0.191667 0.195592
10 0.100000 0.579890 0.200000 0.173554
10 0.038889 0.392562 0.077778 0.206612
10 0.180556 0.241047 0.216667 0.206612
10 0.416667 0.130854 0.183333 0.195592
10 0.343056 0.101928 0.213889 0.203857
10 0.081944 0.030303 0.163889 0.060606
