7 0.504167 0.502755 0.375000 0.399449
10 0.805556 0.790634 0.222222 0.242424
10 0.623611 0.213499 0.236111 0.223140
10 0.813889 0.118457 0.211111 0.203857
10 0.281944 0.294766 0.202778 0.220386
10 0.097222 0.247934 0.194444 0.220386
10 0.958333 0.276860 0.083333 0.206612
10 0.150000 0.039945 0.200000 0.079890
10 0.270833 0.581267 0.158333 0.231405
10 0.562500 0.815427 0.202778 0.209366
10 0.115278 0.625344 0.213889 0.236915
10 0.118056 0.863636 0.208333 0.217631
10 0.220833 0.906336 0.213889 0.187328
10 0.347222 0.924242 0.200000 0.151515
