7 0.506944 0.504132 0.358333 0.341598
10 0.465278 0.754821 0.180556 0.209366
10 0.769444 0.512397 0.166667 0.176309
10 0.787500 0.599174 0.208333 0.157025
10 0.930556 0.556474 0.138889 0.209366
10 0.887500 0.746556 0.175000 0.220386
10 0.959722 0.779614 0.080556 0.192837
10 0.304167 0.707989 0.175000 0.253444
10 0.269444 0.845730 0.194444 0.176309
10 0.127778 0.658402 0.183333 0.176309
10 0.066667 0.938017 0.133333 0.123967
10 0.030556 0.571625 0.061111 0.168044
10 0.038889 0.380165 0.077778 0.209366
10 0.177778 0.223140 0.200000 0.203857
10 0.297222 0.081267 0.238889 0.162534
10 0.520833 0.045455 0.219444 0.090909
