7 0.505556 0.506887 0.333333 0.446281
10 0.723611 0.630854 0.191667 0.253444
10 0.745833 0.477961 0.219444 0.190083
10 0.925000 0.487603 0.150000 0.198347
10 0.681944 0.279614 0.230556 0.206612
10 0.673611 0.088154 0.213889 0.176309
10 0.447222 0.192837 0.227778 0.214876
10 0.905556 0.699725 0.188889 0.203857
10 0.922222 0.947658 0.155556 0.104683
10 0.973611 0.380165 0.052778 0.126722
10 0.633333 0.932507 0.205556 0.134986
10 0.433333 0.808540 0.211111 0.217631
10 0.422222 0.955923 0.183333 0.088154
10 0.233333 0.865014 0.183333 0.214876
10 0.123611 0.651515 0.219444 0.190083
10 0.065278 0.833333 0.130556 0.201102
10 0.054167 0.453168 0.108333 0.184573
10 0.054167 0.252066 0.108333 0.195592
10 0.047222 0.144628 0.094444 0.168044
