7 0.501389 0.498623 0.397222 0.385675
10 0.555556 0.723140 0.194444 0.140496
10 0.904167 0.100551 0.191667 0.201102
10 0.804167 0.033058 0.175000 0.066116
10 0.848611 0.556474 0.213889 0.214876
10 0.927778 0.763085 0.144444 0.225895
10 0.731944 0.746556 0.202778 0.220386
10 0.829167 0.946281 0.186111 0.107438
10 0.937500 0.955923 0.125000 0.088154
10 0.484722 0.878788 0.197222 0.220386
10 0.275000 0.816804 0.211111 0.212121
10 0.183333 0.823691 0.172222 0.214876
10 0.195833 0.977961 0.175000 0.044077
10 0.043056 0.878788 0.086111 0.176309
10 0.193056 0.421488 0.225000 0.220386
10 0.295833 0.227273 0.197222 0.206612
10 0.145833 0.078512 0.191667 0.157025
10 0.558333 0.064738 0.227778 0.129477
10 0.643056 0.225895 0.213889 0.203857
