8 0.494444 0.500000 0.138889 0.151515
10 0.323611 0.071625 0.213889 0.143251
10 0.537500 0.037190 0.186111 0.074380
10 0.706944 0.122590 0.213889 0.223140
10 0.875000 0.319559 0.222222 0.220386
10 0.683333 0.429752 0.200000 0.198347
10 0.037500 0.148760 0.075000 0.209366
10 0.084722 0.756198 0.169444 0.239669
10 0.362500 0.893939 0.208333 0.212121
10 0.681944 0.980716 0.158333 0.038567
10 0.625000 0.917355 0.205556 0.165289
10 0.850000 0.676309 0.200000 0.201102
10 0.969444 0.936639 0.061111 0.126722
