8 0.505556 0.502755 0.244444 0.228650
10 0.306944 0.203857 0.191667 0.231405
10 0.109722 0.243802 0.213889 0.228650
10 0.098611 0.483471 0.197222 0.228650
10 0.195833 0.909091 0.219444 0.181818
10 0.050000 0.827824 0.100000 0.250689
10 0.588889 0.918733 0.216667 0.162534
10 0.870833 0.853994 0.241667 0.242424
10 0.730556 0.679063 0.216667 0.201102
10 0.608333 0.734160 0.227778 0.212121
10 0.759722 0.469697 0.241667 0.228650
10 0.938889 0.493113 0.122222 0.225895
10 0.954167 0.278237 0.091667 0.198347
