8 0.504167 0.501377 0.186111 0.176309
10 0.665278 0.190083 0.269444 0.280992
10 0.951389 0.075758 0.097222 0.151515
10 0.851389 0.267218 0.241667 0.258953
10 0.600000 0.060606 0.238889 0.121212
10 0.406944 0.234160 0.208333 0.264463
10 0.156944 0.126722 0.213889 0.253444
10 0.229167 0.513774 0.236111 0.261708
10 0.050000 0.487603 0.100000 0.258953
10 0.404167 0.681818 0.263889 0.250689
10 0.445833 0.917355 0.263889 0.165289
10 0.694444 0.860882 0.261111 0.245179
10 0.888889 0.628099 0.222222 0.264463
10 0.951389 0.425620 0.097222 0.289256
10 0.668056 0.608815 0.275000 0.258953
