8 0.500000 0.501377 0.194444 0.198347
10 0.488889 0.202479 0.205556 0.206612
10 0.883333 0.217631 0.200000 0.214876
10 0.120833 0.104683 0.219444 0.187328
10 0.188889 0.358127 0.205556 0.225895
10 0.102778 0.599174 0.205556 0.223140
10 0.208333 0.833333 0.233333 0.239669
10 0.313889 0.630854 0.222222 0.214876
10 0.498611 0.804408 0.208333 0.242424
10 0.100000 0.965565 0.194444 0.068871
10 0.722222 0.893939 0.233333 0.212121
10 0.951389 0.869146 0.097222 0.212121
10 0.905556 0.639118 0.188889 0.214876
10 0.934722 0.486226 0.130556 0.195592
10 0.704167 0.517906 0.191667 0.258953
