8 0.498611 0.502755 0.169444 0.195592
10 0.659722 0.395317 0.269444 0.217631
10 0.862500 0.106061 0.241667 0.212121
10 0.600000 0.188705 0.244444 0.223140
10 0.547222 0.026171 0.177778 0.052342
10 0.250000 0.023416 0.183333 0.046832
10 0.109722 0.093664 0.219444 0.187328
10 0.022222 0.245179 0.044444 0.165289
10 0.120833 0.312672 0.208333 0.228650
10 0.347222 0.337466 0.222222 0.267218
10 0.188889 0.501377 0.255556 0.225895
10 0.056944 0.650138 0.113889 0.220386
10 0.158333 0.860882 0.200000 0.228650
10 0.038889 0.917355 0.077778 0.165289
10 0.366667 0.622590 0.244444 0.247934
10 0.598611 0.852617 0.225000 0.239669
10 0.795833 0.958678 0.230556 0.082645
10 0.806944 0.793388 0.225000 0.220386
10 0.948611 0.695592 0.102778 0.228650
10 0.829167 0.553719 0.241667 0.236915
