8 0.501389 0.512397 0.180556 0.187328
8 0.537500 0.360882 0.086111 0.104683
10 0.266667 0.196970 0.216667 0.217631
10 0.073611 0.174931 0.147222 0.190083
10 0.063889 0.388430 0.127778 0.198347
10 0.118056 0.567493 0.202778 0.214876
10 0.052778 0.741047 0.105556 0.220386
10 0.215278 0.706612 0.197222 0.223140
10 0.311111 0.506887 0.211111 0.220386
10 0.376389 0.370523 0.191667 0.168044
10 0.425000 0.061983 0.194444 0.123967
10 0.294444 0.096419 0.227778 0.192837
10 0.665278 0.050964 0.197222 0.101928
10 0.819444 0.169421 0.200000 0.190083
10 0.743056 0.348485 0.236111 0.173554
10 0.938889 0.345730 0.122222 0.239669
10 0.965278 0.611570 0.069444 0.181818
10 0.963889 0.903581 0.072222 0.192837
10 0.836111 0.964187 0.200000 0.071625
10 0.598611 0.965565 0.219444 0.068871
10 0.262500 0.921488 0.213889 0.157025
10 0.427778 0.760331 0.200000 0.209366
10 0.572222 0.816804 0.211111 0.184573
10 0.834722 0.809917 0.213889 0.192837
10 0.701389 0.736915 0.180556 0.239669
