8 0.500000 0.511019 0.138889 0.146006
10 0.706944 0.103306 0.191667 0.206612
10 0.258333 0.078512 0.261111 0.157025
10 0.173611 0.269972 0.225000 0.225895
10 0.036111 0.358127 0.072222 0.214876
10 0.218056 0.490358 0.230556 0.214876
10 0.544444 0.878788 0.211111 0.225895
10 0.740278 0.942149 0.225000 0.115702
10 0.393056 0.966942 0.186111 0.066116
10 0.280556 0.938017 0.216667 0.123967
10 0.711111 0.538567 0.205556 0.228650
10 0.916667 0.336088 0.166667 0.231405
10 0.911111 0.581267 0.177778 0.198347
