8 0.506944 0.502755 0.175000 0.162534
10 0.140278 0.165289 0.208333 0.225895
10 0.070833 0.046832 0.141667 0.093664
10 0.020833 0.311295 0.041667 0.181818
10 0.463889 0.159780 0.150000 0.203857
10 0.375000 0.155647 0.211111 0.195592
10 0.336111 0.023416 0.188889 0.046832
10 0.590278 0.059229 0.219444 0.118457
10 0.876389 0.081267 0.247222 0.162534
10 0.970833 0.245179 0.058333 0.165289
10 0.640278 0.300275 0.191667 0.258953
10 0.745833 0.545455 0.202778 0.258953
10 0.666667 0.658402 0.233333 0.214876
10 0.902778 0.734160 0.194444 0.223140
10 0.976389 0.523416 0.047222 0.198347
10 0.643056 0.903581 0.213889 0.192837
10 0.516667 0.917355 0.255556 0.165289
10 0.337500 0.685950 0.208333 0.225895
10 0.205556 0.674931 0.205556 0.242424
