8 0.500000 0.502755 0.133333 0.134986
8 0.727778 0.736915 0.083333 0.079890
10 0.677778 0.739669 0.200000 0.206612
10 0.912500 0.074380 0.175000 0.148760
10 0.708333 0.112948 0.238889 0.225895
10 0.454167 0.044077 0.230556 0.088154
10 0.129167 0.126722 0.208333 0.214876
10 0.379167 0.180441 0.241667 0.228650
10 0.245833 0.319559 0.152778 0.154270
10 0.376389 0.382920 0.191667 0.165289
10 0.654167 0.370523 0.202778 0.239669
10 0.748611 0.341598 0.186111 0.225895
10 0.920833 0.450413 0.158333 0.267218
10 0.936111 0.663912 0.127778 0.275482
10 0.923611 0.910468 0.152778 0.179063
10 0.763889 0.556474 0.255556 0.209366
10 0.718056 0.922865 0.213889 0.154270
10 0.587500 0.931129 0.230556 0.137741
10 0.355556 0.932507 0.222222 0.134986
10 0.473611 0.783747 0.236111 0.245179
10 0.158333 0.833333 0.244444 0.245179
10 0.159722 0.511019 0.230556 0.245179
10 0.025000 0.404959 0.050000 0.159780
