8 0.493056 0.488981 0.247222 0.256198
10 0.650000 0.323691 0.194444 0.184573
10 0.727778 0.108815 0.177778 0.217631
10 0.912500 0.187328 0.175000 0.198347
10 0.537500 0.093664 0.197222 0.187328
10 0.166667 0.114325 0.216667 0.190083
10 0.363889 0.227273 0.222222 0.179063
10 0.205556 0.393939 0.200000 0.203857
10 0.066667 0.542700 0.133333 0.253444
10 0.111111 0.910468 0.200000 0.179063
10 0.398611 0.966942 0.163889 0.066116
10 0.573611 0.716253 0.202778 0.192837
10 0.820833 0.557851 0.197222 0.212121
10 0.793056 0.674931 0.219444 0.181818
10 0.947222 0.789256 0.105556 0.234160
10 0.968056 0.508264 0.063889 0.184573
