8 0.501389 0.501377 0.158333 0.154270
8 0.097222 0.630854 0.077778 0.077135
10 0.233333 0.607438 0.211111 0.228650
10 0.905556 0.107438 0.188889 0.203857
10 0.681944 0.129477 0.230556 0.236915
10 0.368056 0.074380 0.236111 0.148760
10 0.170833 0.152893 0.208333 0.228650
10 0.206944 0.245179 0.213889 0.198347
10 0.409722 0.674931 0.197222 0.225895
10 0.734722 0.611570 0.247222 0.176309
10 0.720833 0.714876 0.197222 0.217631
10 0.951389 0.600551 0.097222 0.198347
10 0.916667 0.797521 0.166667 0.206612
10 0.556944 0.900826 0.197222 0.198347
10 0.206944 0.840220 0.241667 0.236915
10 0.068056 0.953168 0.136111 0.093664
