8 0.502778 0.498623 0.150000 0.154270
10 0.701389 0.366391 0.213889 0.225895
10 0.587500 0.157025 0.225000 0.264463
10 0.402778 0.071625 0.211111 0.143251
10 0.880556 0.460055 0.238889 0.242424
10 0.972222 0.314050 0.055556 0.165289
10 0.606944 0.599174 0.269444 0.223140
10 0.791667 0.925620 0.238889 0.148760
10 0.526389 0.778237 0.252778 0.234160
10 0.395833 0.893939 0.280556 0.212121
10 0.120833 0.932507 0.236111 0.134986
10 0.265278 0.702479 0.208333 0.209366
10 0.077778 0.688705 0.155556 0.253444
10 0.050000 0.450413 0.100000 0.223140
