8 0.506944 0.513774 0.191667 0.212121
10 0.654167 0.336088 0.247222 0.214876
10 0.077778 0.060606 0.155556 0.121212
10 0.295833 0.079890 0.225000 0.159780
10 0.522222 0.039945 0.194444 0.079890
10 0.741667 0.067493 0.211111 0.134986
10 0.898611 0.163912 0.202778 0.267218
10 0.833333 0.515152 0.227778 0.236915
10 0.962500 0.670799 0.075000 0.201102
10 0.891667 0.841598 0.216667 0.223140
10 0.656944 0.685950 0.197222 0.231405
10 0.497222 0.906336 0.227778 0.187328
10 0.265278 0.680441 0.241667 0.236915
10 0.109722 0.881543 0.219444 0.209366
10 0.036111 0.720386 0.072222 0.228650
10 0.140278 0.282369 0.236111 0.228650
10 0.311111 0.409091 0.200000 0.261708
