8 0.513889 0.505510 0.227778 0.239669
10 0.426389 0.236915 0.219444 0.236915
10 0.212500 0.092287 0.225000 0.184573
10 0.036111 0.143251 0.072222 0.209366
10 0.041667 0.530303 0.083333 0.201102
10 0.056944 0.928375 0.113889 0.143251
10 0.329167 0.918733 0.219444 0.162534
10 0.191667 0.612948 0.261111 0.212121
10 0.295833 0.634986 0.197222 0.190083
10 0.537500 0.877410 0.186111 0.195592
10 0.694444 0.651515 0.205556 0.201102
10 0.912500 0.661157 0.175000 0.225895
10 0.772222 0.271350 0.216667 0.234160
10 0.884722 0.099174 0.230556 0.198347
