8 0.501389 0.528926 0.141667 0.143251
8 0.808333 0.294766 0.072222 0.077135
10 0.727778 0.090909 0.200000 0.181818
10 0.941667 0.119835 0.116667 0.146006
10 0.420833 0.243802 0.202778 0.250689
10 0.191667 0.292011 0.244444 0.198347
10 0.031944 0.252066 0.063889 0.190083
10 0.104167 0.657025 0.208333 0.206612
10 0.320833 0.585399 0.225000 0.223140
10 0.595833 0.769972 0.202778 0.228650
10 0.712500 0.563361 0.202778 0.201102
10 0.897222 0.429752 0.205556 0.209366
10 0.948611 0.852617 0.102778 0.201102
10 0.798611 0.767218 0.208333 0.206612
10 0.725000 0.938017 0.244444 0.123967
