8 0.504167 0.505510 0.175000 0.168044
8 0.401389 0.446281 0.063889 0.049587
8 0.811111 0.268595 0.083333 0.057851
8 0.773611 0.206612 0.091667 0.077135
10 0.937500 0.231405 0.125000 0.231405
10 0.937500 0.460055 0.125000 0.209366
10 0.698611 0.400826 0.213889 0.267218
10 0.786111 0.053719 0.227778 0.107438
10 0.563889 0.060606 0.211111 0.121212
10 0.343056 0.060606 0.213889 0.121212
10 0.073611 0.133609 0.147222 0.239669
10 0.395833 0.227273 0.236111 0.223140
10 0.219444 0.391185 0.238889 0.242424
10 0.054167 0.502755 0.108333 0.228650
10 0.288889 0.610193 0.216667 0.234160
10 0.077778 0.760331 0.155556 0.231405
10 0.063889 0.866391 0.127778 0.212121
10 0.181944 0.957300 0.230556 0.085399
10 0.280556 0.915978 0.205556 0.168044
10 0.505556 0.837466 0.211111 0.220386
10 0.420833 0.769972 0.213889 0.195592
10 0.688889 0.665289 0.211111 0.201102
10 0.831944 0.636364 0.191667 0.203857
10 0.797222 0.885675 0.205556 0.184573
10 0.891667 0.881543 0.216667 0.236915
