8 0.502778 0.498623 0.144444 0.137741
10 0.384722 0.336088 0.230556 0.247934
10 0.225000 0.152893 0.238889 0.217631
10 0.061111 0.066116 0.122222 0.132231
10 0.084722 0.606061 0.169444 0.214876
10 0.186111 0.896694 0.211111 0.206612
10 0.780556 0.955923 0.227778 0.088154
10 0.952778 0.902204 0.094444 0.195592
10 0.895833 0.685950 0.208333 0.203857
10 0.923611 0.458678 0.152778 0.206612
10 0.662500 0.526171 0.263889 0.363636
10 0.666667 0.205234 0.233333 0.239669
10 0.933333 0.198347 0.133333 0.181818
10 0.716667 0.033058 0.200000 0.066116
10 0.477778 0.088154 0.211111 0.137741
10 0.452778 0.046832 0.244444 0.093664
