8 0.498611 0.500000 0.175000 0.168044
8 0.022222 0.687328 0.044444 0.079890
10 0.045833 0.530303 0.091667 0.201102
10 0.098611 0.341598 0.197222 0.220386
10 0.268056 0.038567 0.213889 0.077135
10 0.759722 0.099174 0.202778 0.198347
10 0.952778 0.053719 0.094444 0.107438
10 0.723611 0.322314 0.202778 0.203857
10 0.437500 0.125344 0.202778 0.234160
10 0.255556 0.214876 0.166667 0.214876
10 0.188889 0.622590 0.200000 0.231405
10 0.413889 0.692837 0.222222 0.272727
10 0.634722 0.626722 0.186111 0.195592
10 0.823611 0.524793 0.202778 0.217631
10 0.955556 0.628099 0.088889 0.253444
10 0.740278 0.925620 0.219444 0.148760
10 0.219444 0.969697 0.194444 0.060606
