8 0.508333 0.501377 0.188889 0.187328
8 0.762500 0.431129 0.086111 0.085399
8 0.786111 0.578512 0.094444 0.077135
8 0.890278 0.834711 0.069444 0.060606
8 0.076389 0.450413 0.063889 0.057851
10 0.031944 0.531680 0.063889 0.187328
10 0.102778 0.045455 0.205556 0.090909
10 0.565278 0.122590 0.213889 0.212121
10 0.473611 0.212121 0.141667 0.159780
10 0.337500 0.314050 0.308333 0.369146
10 0.684722 0.827824 0.197222 0.179063
10 0.730556 0.929752 0.166667 0.129477
10 0.775000 0.977961 0.133333 0.044077
10 0.940278 0.928375 0.119444 0.143251
10 0.327778 0.889807 0.211111 0.220386
10 0.172222 0.921488 0.161111 0.157025
10 0.044444 0.902204 0.088889 0.195592
