8 0.497222 0.494490 0.177778 0.173554
8 0.580556 0.847107 0.111111 0.107438
8 0.451389 0.924242 0.075000 0.074380
10 0.595833 0.679063 0.219444 0.195592
10 0.919444 0.710744 0.161111 0.247934
10 0.795833 0.878788 0.219444 0.209366
10 0.754167 0.964187 0.169444 0.071625
10 0.573611 0.953168 0.219444 0.093664
10 0.252778 0.958678 0.227778 0.082645
10 0.056944 0.951791 0.113889 0.096419
10 0.937500 0.962810 0.125000 0.074380
10 0.683333 0.457300 0.216667 0.236915
10 0.645833 0.307163 0.247222 0.234160
10 0.777778 0.152893 0.277778 0.245179
10 0.968056 0.205234 0.063889 0.212121
10 0.490278 0.119835 0.241667 0.239669
10 0.376389 0.252066 0.230556 0.206612
10 0.047222 0.050964 0.094444 0.101928
10 0.076389 0.269972 0.152778 0.225895
10 0.125000 0.495868 0.216667 0.214876
10 0.293056 0.487603 0.247222 0.242424
10 0.216667 0.710744 0.222222 0.198347
10 0.038889 0.691460 0.077778 0.203857
10 0.373611 0.789256 0.225000 0.239669
