8 0.506944 0.500000 0.141667 0.151515
10 0.552778 0.285124 0.211111 0.201102
10 0.800000 0.155647 0.238889 0.234160
10 0.806944 0.078512 0.252778 0.157025
10 0.336111 0.325069 0.233333 0.236915
10 0.183333 0.174931 0.205556 0.190083
10 0.247222 0.111570 0.211111 0.223140
10 0.087500 0.060606 0.175000 0.121212
10 0.043056 0.303030 0.086111 0.220386
10 0.240278 0.522039 0.225000 0.217631
10 0.047222 0.713499 0.094444 0.247934
10 0.073611 0.920110 0.147222 0.159780
10 0.134722 0.896694 0.197222 0.206612
10 0.334722 0.931129 0.241667 0.137741
10 0.318056 0.749311 0.258333 0.264463
10 0.726389 0.910468 0.252778 0.179063
10 0.862500 0.681818 0.225000 0.212121
10 0.738889 0.703857 0.216667 0.223140
10 0.706944 0.472452 0.208333 0.206612
10 0.725000 0.388430 0.227778 0.192837
10 0.919444 0.432507 0.161111 0.214876
