8 0.509722 0.508264 0.169444 0.146006
10 0.119444 0.148760 0.233333 0.225895
10 0.373611 0.331956 0.258333 0.212121
10 0.426389 0.110193 0.230556 0.220386
10 0.675000 0.107438 0.233333 0.214876
10 0.930556 0.268595 0.138889 0.272727
10 0.808333 0.409091 0.216667 0.234160
10 0.695833 0.480716 0.219444 0.173554
10 0.672222 0.701102 0.227778 0.212121
10 0.483333 0.655647 0.216667 0.203857
10 0.454167 0.882920 0.252778 0.234160
10 0.850000 0.877410 0.238889 0.245179
10 0.227778 0.969697 0.211111 0.060606
10 0.059722 0.888430 0.119444 0.223140
10 0.080556 0.648760 0.161111 0.250689
10 0.256944 0.732782 0.225000 0.231405
