8 0.508333 0.502755 0.166667 0.173554
10 0.493056 0.309917 0.219444 0.212121
10 0.400000 0.099174 0.205556 0.198347
10 0.273611 0.371901 0.202778 0.220386
10 0.048611 0.290634 0.097222 0.184573
10 0.029167 0.505510 0.058333 0.179063
10 0.125000 0.694215 0.216667 0.203857
10 0.054167 0.924242 0.108333 0.151515
10 0.291667 0.849862 0.194444 0.195592
10 0.466667 0.949036 0.211111 0.101928
10 0.769444 0.954545 0.216667 0.090909
10 0.937500 0.786501 0.125000 0.195592
10 0.655556 0.681818 0.227778 0.195592
10 0.706944 0.444904 0.219444 0.223140
10 0.801389 0.227273 0.202778 0.212121
10 0.961111 0.421488 0.077778 0.203857
