8 0.501389 0.497245 0.169444 0.190083
10 0.791667 0.130854 0.266667 0.212121
10 0.965278 0.092287 0.069444 0.184573
10 0.781944 0.384298 0.247222 0.289256
10 0.629167 0.546832 0.213889 0.327824
10 0.805556 0.655647 0.222222 0.264463
10 0.927778 0.783747 0.144444 0.256198
10 0.979167 0.593664 0.041667 0.250689
10 0.955556 0.955923 0.088889 0.088154
10 0.598611 0.904959 0.219444 0.190083
10 0.376389 0.943526 0.225000 0.112948
10 0.066667 0.946281 0.133333 0.107438
10 0.248611 0.803030 0.258333 0.250689
10 0.312500 0.559229 0.241667 0.236915
10 0.112500 0.639118 0.197222 0.209366
10 0.175000 0.403581 0.250000 0.250689
10 0.333333 0.263085 0.277778 0.267218
10 0.038889 0.285124 0.077778 0.195592
10 0.029167 0.506887 0.058333 0.225895
