8 0.504167 0.513774 0.158333 0.168044
8 0.440278 0.411846 0.080556 0.079890
8 0.583333 0.943526 0.066667 0.063361
10 0.761111 0.732782 0.255556 0.231405
10 0.930556 0.849862 0.138889 0.212121
10 0.737500 0.928375 0.247222 0.143251
10 0.251389 0.889807 0.247222 0.220386
10 0.059722 0.842975 0.119444 0.236915
10 0.104167 0.552342 0.208333 0.228650
10 0.333333 0.590909 0.238889 0.261708
10 0.519444 0.742424 0.222222 0.223140
10 0.348611 0.173554 0.263889 0.247934
10 0.283333 0.031680 0.200000 0.063361
10 0.681944 0.097796 0.213889 0.195592
10 0.879167 0.039945 0.208333 0.079890
10 0.923611 0.283747 0.152778 0.264463
10 0.891667 0.527548 0.216667 0.239669
10 0.708333 0.373278 0.238889 0.250689
10 0.686111 0.515152 0.183333 0.192837
