8 0.501389 0.498623 0.186111 0.181818
8 0.055556 0.298898 0.077778 0.079890
10 0.209722 0.074380 0.219444 0.148760
10 0.405556 0.191460 0.211111 0.256198
10 0.326389 0.400826 0.230556 0.267218
10 0.108333 0.451791 0.177778 0.236915
10 0.043056 0.903581 0.086111 0.192837
10 0.379167 0.743802 0.202778 0.209366
10 0.427778 0.946281 0.244444 0.107438
10 0.734722 0.928375 0.236111 0.143251
10 0.941667 0.925620 0.116667 0.148760
10 0.927778 0.719008 0.144444 0.231405
10 0.763889 0.639118 0.194444 0.236915
10 0.633333 0.712121 0.244444 0.217631
10 0.713889 0.431129 0.211111 0.278237
10 0.912500 0.450413 0.175000 0.223140
10 0.623611 0.210744 0.197222 0.261708
10 0.888889 0.081267 0.222222 0.162534
10 0.683333 0.026171 0.144444 0.052342
