9 0.500000 0.493113 0.616667 0.479339
8 0.451389 0.165289 0.058333 0.044077
10 0.155556 0.059229 0.188889 0.118457
10 0.026389 0.086777 0.052778 0.173554
10 0.269444 0.115702 0.172222 0.198347
10 0.234722 0.230028 0.186111 0.190083
10 0.530556 0.052342 0.205556 0.099174
10 0.891667 0.086777 0.188889 0.162534
10 0.981944 0.301653 0.036111 0.129477
10 0.984722 0.207989 0.030556 0.107438
10 0.854167 0.318182 0.202778 0.223140
10 0.980556 0.537190 0.038889 0.170799
10 0.845833 0.567493 0.186111 0.209366
10 0.988889 0.822314 0.022222 0.162534
10 0.859722 0.815427 0.186111 0.214876
10 0.808333 0.860882 0.172222 0.146006
10 0.643056 0.747934 0.191667 0.184573
10 0.548611 0.935262 0.236111 0.129477
10 0.104167 0.484848 0.197222 0.198347
10 0.077778 0.358127 0.155556 0.187328
10 0.277778 0.670799 0.211111 0.228650
10 0.266667 0.914601 0.200000 0.170799
10 0.094444 0.743802 0.166667 0.231405
10 0.030556 0.913223 0.061111 0.151515
