9 0.497222 0.494490 0.455556 0.465565
10 0.106944 0.176309 0.213889 0.203857
10 0.520833 0.084022 0.186111 0.168044
10 0.729167 0.052342 0.197222 0.104683
10 0.961111 0.019284 0.077778 0.038567
10 0.959722 0.276860 0.080556 0.179063
10 0.913889 0.460055 0.172222 0.187328
10 0.775000 0.782369 0.238889 0.192837
10 0.969444 0.907713 0.061111 0.184573
10 0.737500 0.947658 0.236111 0.104683
10 0.237500 0.949036 0.186111 0.101928
10 0.055556 0.947658 0.111111 0.104683
10 0.268056 0.747934 0.169444 0.184573
10 0.161111 0.731405 0.183333 0.206612
10 0.065278 0.721763 0.130556 0.236915
10 0.036111 0.535813 0.072222 0.201102
10 0.144444 0.400826 0.183333 0.206612
10 0.220833 0.341598 0.152778 0.198347
