9 0.500000 0.505510 0.405556 0.426997
9 0.186111 0.734160 0.300000 0.316804
10 0.045833 0.239669 0.091667 0.198347
10 0.430556 0.151515 0.205556 0.192837
10 0.644444 0.212121 0.194444 0.170799
10 0.779167 0.112948 0.163889 0.181818
10 0.675000 0.024793 0.144444 0.049587
10 0.852778 0.057851 0.211111 0.115702
10 0.941667 0.107438 0.116667 0.187328
10 0.952778 0.274105 0.094444 0.140496
10 0.919444 0.703857 0.161111 0.206612
10 0.969444 0.899449 0.061111 0.140496
10 0.900000 0.986226 0.122222 0.027548
10 0.726389 0.982094 0.119444 0.035813
10 0.572222 0.906336 0.227778 0.187328
10 0.425000 0.815427 0.127778 0.231405
10 0.713889 0.750689 0.238889 0.190083
