9 0.497222 0.539945 0.483333 0.396694
8 0.029167 0.772727 0.058333 0.068871
10 0.061111 0.151515 0.122222 0.165289
10 0.334722 0.066116 0.197222 0.132231
10 0.545833 0.049587 0.180556 0.099174
10 0.943056 0.202479 0.113889 0.190083
10 0.941667 0.425620 0.116667 0.228650
10 0.826389 0.446281 0.191667 0.165289
10 0.763889 0.661157 0.138889 0.209366
10 0.929167 0.670799 0.141667 0.201102
10 0.933333 0.849862 0.133333 0.118457
10 0.847222 0.954545 0.211111 0.090909
10 0.658333 0.913223 0.188889 0.173554
10 0.588889 0.752066 0.177778 0.165289
10 0.302778 0.837466 0.183333 0.198347
10 0.095833 0.903581 0.191667 0.192837
10 0.227778 0.639118 0.177778 0.170799
10 0.084722 0.488981 0.169444 0.239669
10 0.019444 0.345730 0.038889 0.107438
