9 0.505556 0.500000 0.377778 0.371901
10 0.986111 0.115702 0.027778 0.143251
10 0.909722 0.267218 0.180556 0.192837
10 0.983333 0.738292 0.033333 0.165289
10 0.825000 0.940771 0.138889 0.118457
10 0.747222 0.933884 0.161111 0.132231
10 0.659722 0.954545 0.186111 0.090909
10 0.513889 0.947658 0.200000 0.104683
10 0.561111 0.801653 0.244444 0.198347
10 0.326389 0.979339 0.113889 0.041322
10 0.300000 0.702479 0.194444 0.187328
10 0.016667 0.913223 0.033333 0.146006
10 0.179167 0.490358 0.213889 0.225895
10 0.027778 0.206612 0.055556 0.159780
10 0.293056 0.192837 0.163889 0.170799
10 0.300000 0.115702 0.183333 0.159780
10 0.733333 0.035813 0.172222 0.071625
