9 0.504167 0.526171 0.380556 0.374656
10 0.825000 0.415978 0.188889 0.176309
10 0.913889 0.123967 0.172222 0.209366
10 0.623611 0.053719 0.202778 0.107438
10 0.373611 0.075758 0.219444 0.146006
10 0.327778 0.279614 0.255556 0.228650
10 0.819444 0.668044 0.211111 0.234160
10 0.954167 0.966942 0.091667 0.066116
10 0.719444 0.910468 0.238889 0.179063
10 0.462500 0.946281 0.213889 0.107438
10 0.216667 0.896694 0.211111 0.201102
10 0.183333 0.608815 0.222222 0.225895
10 0.048611 0.241047 0.097222 0.184573
