9 0.504167 0.501377 0.430556 0.418733
10 0.069444 0.400826 0.138889 0.201102
10 0.198611 0.258953 0.191667 0.192837
10 0.302778 0.086777 0.183333 0.173554
10 0.527778 0.061983 0.211111 0.123967
10 0.783333 0.049587 0.177778 0.099174
10 0.970833 0.081267 0.058333 0.162534
10 0.909722 0.331956 0.180556 0.278237
10 0.836111 0.561983 0.222222 0.209366
10 0.919444 0.721763 0.161111 0.198347
10 0.741667 0.728650 0.216667 0.151515
10 0.887500 0.944904 0.202778 0.110193
10 0.583333 0.958678 0.183333 0.082645
10 0.444444 0.867769 0.183333 0.214876
10 0.369444 0.977961 0.188889 0.044077
10 0.166667 0.969697 0.166667 0.060606
10 0.080556 0.852617 0.161111 0.195592
10 0.254167 0.805785 0.208333 0.212121
10 0.181944 0.698347 0.191667 0.162534
10 0.081944 0.615702 0.163889 0.179063
