9 0.494444 0.545455 0.544444 0.468320
10 0.154167 0.962810 0.247222 0.074380
10 0.141667 0.814050 0.222222 0.146006
10 0.179167 0.663912 0.152778 0.203857
10 0.150000 0.538567 0.177778 0.179063
10 0.044444 0.611570 0.088889 0.154270
10 0.026389 0.287879 0.052778 0.146006
10 0.097222 0.107438 0.194444 0.198347
10 0.197222 0.074380 0.144444 0.148760
10 0.354167 0.162534 0.186111 0.198347
10 0.294444 0.356749 0.205556 0.162534
10 0.627778 0.264463 0.211111 0.170799
10 0.537500 0.106061 0.186111 0.134986
10 0.669444 0.027548 0.188889 0.055096
10 0.954167 0.017906 0.091667 0.035813
10 0.805556 0.075758 0.233333 0.129477
10 0.791667 0.181818 0.177778 0.137741
10 0.840278 0.265840 0.197222 0.195592
10 0.980556 0.256198 0.038889 0.154270
10 0.855556 0.480716 0.183333 0.201102
10 0.920833 0.798898 0.158333 0.170799
10 0.911111 0.925620 0.177778 0.148760
10 0.726389 0.977961 0.147222 0.044077
10 0.356944 0.946281 0.186111 0.107438
