11 0.498611 0.504132 0.391667 0.424242
10 0.109722 0.414601 0.219444 0.228650
10 0.115278 0.129477 0.219444 0.225895
10 0.305556 0.061983 0.222222 0.123967
10 0.626389 0.046832 0.213889 0.093664
10 0.779167 0.140496 0.225000 0.187328
10 0.759722 0.285124 0.258333 0.223140
10 0.944444 0.225895 0.111111 0.247934
10 0.976389 0.519284 0.047222 0.190083
10 0.933333 0.743802 0.133333 0.220386
10 0.705556 0.731405 0.188889 0.195592
10 0.523611 0.786501 0.241667 0.184573
10 0.193056 0.610193 0.186111 0.201102
10 0.093056 0.955923 0.186111 0.088154
10 0.106944 0.874656 0.213889 0.184573
10 0.309722 0.962810 0.219444 0.074380
10 0.534722 0.949036 0.236111 0.101928
