11 0.498611 0.504132 0.375000 0.385675
8 0.131944 0.294766 0.069444 0.071625
10 0.072222 0.128099 0.144444 0.250689
10 0.122222 0.060606 0.211111 0.121212
10 0.331944 0.100551 0.202778 0.201102
10 0.397222 0.067493 0.222222 0.134986
10 0.751389 0.066116 0.219444 0.132231
10 0.645833 0.033058 0.213889 0.066116
10 0.920833 0.159780 0.158333 0.192837
10 0.902778 0.385675 0.194444 0.203857
10 0.916667 0.615702 0.166667 0.234160
10 0.734722 0.683196 0.180556 0.203857
10 0.745833 0.783747 0.202778 0.184573
10 0.576389 0.907713 0.191667 0.184573
10 0.400000 0.772727 0.227778 0.206612
10 0.225000 0.874656 0.222222 0.217631
10 0.059722 0.906336 0.119444 0.187328
10 0.122222 0.673554 0.216667 0.223140
10 0.206944 0.473829 0.186111 0.264463
10 0.631944 0.224518 0.219444 0.206612
