11 0.501389 0.527548 0.447222 0.443526
10 0.831944 0.466942 0.197222 0.223140
10 0.934722 0.304408 0.130556 0.228650
10 0.877778 0.108815 0.188889 0.217631
10 0.281944 0.220386 0.225000 0.231405
10 0.247222 0.031680 0.155556 0.063361
10 0.116667 0.404959 0.216667 0.187328
10 0.244444 0.749311 0.216667 0.214876
10 0.166667 0.640496 0.222222 0.239669
10 0.070833 0.816804 0.141667 0.195592
10 0.047222 0.965565 0.094444 0.068871
10 0.234722 0.958678 0.202778 0.082645
10 0.413889 0.898072 0.194444 0.203857
10 0.623611 0.826446 0.208333 0.198347
10 0.838889 0.702479 0.166667 0.203857
10 0.958333 0.804408 0.083333 0.192837
10 0.931944 0.942149 0.136111 0.115702
10 0.725000 0.892562 0.194444 0.214876
