11 0.508333 0.559229 0.427778 0.429752
10 0.933333 0.612948 0.133333 0.239669
10 0.965278 0.887052 0.069444 0.192837
10 0.861111 0.971074 0.166667 0.057851
10 0.763889 0.831956 0.216667 0.220386
10 0.547222 0.944904 0.216667 0.110193
10 0.325000 0.855372 0.255556 0.206612
10 0.209722 0.962810 0.180556 0.074380
10 0.068056 0.914601 0.136111 0.170799
10 0.240278 0.772727 0.225000 0.234160
10 0.204167 0.553719 0.180556 0.203857
10 0.080556 0.468320 0.161111 0.220386
10 0.270833 0.279614 0.225000 0.261708
10 0.204167 0.103306 0.241667 0.206612
10 0.626389 0.152893 0.230556 0.223140
10 0.858333 0.114325 0.216667 0.228650
10 0.787500 0.373278 0.269444 0.223140
10 0.968056 0.307163 0.063889 0.201102
