11 0.498611 0.501377 0.391667 0.396694
10 0.766667 0.341598 0.233333 0.203857
10 0.766667 0.121212 0.244444 0.209366
10 0.580556 0.056474 0.227778 0.112948
10 0.351389 0.085399 0.230556 0.170799
10 0.151389 0.111570 0.197222 0.212121
10 0.038889 0.236915 0.077778 0.187328
10 0.172222 0.348485 0.222222 0.223140
10 0.184722 0.585399 0.219444 0.217631
10 0.050000 0.688705 0.100000 0.187328
10 0.140278 0.928375 0.202778 0.143251
10 0.066667 0.898072 0.133333 0.203857
10 0.347222 0.915978 0.172222 0.168044
10 0.527778 0.869146 0.188889 0.212121
10 0.712500 0.928375 0.191667 0.143251
10 0.951389 0.931129 0.097222 0.137741
10 0.902778 0.805785 0.194444 0.217631
10 0.812500 0.633609 0.208333 0.225895
10 0.720833 0.694215 0.202778 0.198347
