11 0.498611 0.501377 0.447222 0.446281
10 0.727778 0.753444 0.211111 0.239669
10 0.806944 0.352617 0.213889 0.225895
10 0.697222 0.256198 0.216667 0.209366
10 0.936111 0.183196 0.127778 0.212121
10 0.905556 0.037190 0.188889 0.074380
10 0.405556 0.026171 0.155556 0.052342
10 0.209722 0.078512 0.191667 0.157025
10 0.072222 0.227273 0.144444 0.223140
10 0.255556 0.260331 0.188889 0.195592
10 0.455556 0.191460 0.205556 0.212121
10 0.909722 0.680441 0.180556 0.220386
10 0.684722 0.885675 0.202778 0.195592
10 0.426389 0.892562 0.191667 0.214876
10 0.219444 0.907713 0.200000 0.184573
10 0.211111 0.637741 0.183333 0.212121
10 0.098611 0.589532 0.197222 0.209366
