11 0.502778 0.500000 0.422222 0.465565
8 0.144444 0.833333 0.066667 0.057851
10 0.315278 0.753444 0.225000 0.245179
10 0.154167 0.556474 0.208333 0.253444
10 0.118056 0.243802 0.175000 0.228650
10 0.047222 0.230028 0.094444 0.245179
10 0.093056 0.039945 0.180556 0.079890
10 0.276389 0.037190 0.141667 0.074380
10 0.294444 0.183196 0.216667 0.217631
10 0.502778 0.081267 0.227778 0.162534
10 0.834722 0.078512 0.202778 0.157025
10 0.765278 0.247934 0.241667 0.209366
10 0.948611 0.362259 0.102778 0.234160
10 0.887500 0.570248 0.225000 0.253444
10 0.758333 0.698347 0.211111 0.228650
10 0.583333 0.790634 0.194444 0.198347
10 0.475000 0.924242 0.250000 0.151515
10 0.733333 0.971074 0.244444 0.057851
10 0.073611 0.764463 0.147222 0.212121
10 0.061111 0.537190 0.122222 0.198347
10 0.084722 0.935262 0.169444 0.129477
10 0.258333 0.971074 0.177778 0.057851
