11 0.500000 0.511019 0.400000 0.438017
10 0.772222 0.681818 0.177778 0.184573
10 0.919444 0.787879 0.161111 0.214876
10 0.963889 0.217631 0.072222 0.220386
10 0.754167 0.048209 0.225000 0.096419
10 0.533333 0.066116 0.205556 0.132231
10 0.109722 0.088154 0.202778 0.176309
10 0.297222 0.269972 0.183333 0.181818
10 0.086111 0.338843 0.172222 0.209366
10 0.193056 0.520661 0.169444 0.220386
10 0.044444 0.530303 0.088889 0.190083
10 0.070833 0.880165 0.141667 0.201102
10 0.254167 0.914601 0.197222 0.170799
10 0.430556 0.816804 0.238889 0.168044
10 0.566667 0.924242 0.188889 0.151515
10 0.840278 0.946281 0.208333 0.107438
10 0.672222 0.202479 0.216667 0.201102
