11 0.502778 0.502755 0.405556 0.399449
10 0.813889 0.500000 0.200000 0.223140
10 0.872222 0.404959 0.205556 0.209366
10 0.950000 0.207989 0.100000 0.195592
10 0.770833 0.191460 0.236111 0.223140
10 0.641667 0.173554 0.255556 0.198347
10 0.526389 0.195592 0.208333 0.203857
10 0.887500 0.710744 0.225000 0.192837
10 0.965278 0.884298 0.069444 0.198347
10 0.830556 0.935262 0.216667 0.129477
10 0.597222 0.962810 0.205556 0.074380
10 0.620833 0.889807 0.197222 0.220386
10 0.405556 0.900826 0.205556 0.198347
10 0.415278 0.805785 0.175000 0.212121
10 0.211111 0.765840 0.211111 0.225895
10 0.115278 0.939394 0.208333 0.121212
10 0.100000 0.588154 0.200000 0.239669
10 0.091667 0.253444 0.183333 0.209366
10 0.038889 0.100551 0.077778 0.201102
10 0.163889 0.033058 0.183333 0.066116
10 0.302778 0.132231 0.211111 0.214876
10 0.200000 0.393939 0.227778 0.209366
10 0.675000 0.024793 0.188889 0.049587
