11 0.497222 0.505510 0.366667 0.504132
10 0.752778 0.399449 0.227778 0.220386
10 0.781944 0.097796 0.219444 0.195592
10 0.940278 0.336088 0.119444 0.209366
10 0.875000 0.578512 0.250000 0.225895
10 0.251389 0.101928 0.252778 0.203857
10 0.223611 0.297521 0.225000 0.198347
10 0.206944 0.511019 0.202778 0.234160
10 0.077778 0.621212 0.155556 0.201102
10 0.084722 0.910468 0.169444 0.179063
10 0.450000 0.833333 0.233333 0.206612
10 0.608333 0.833333 0.227778 0.223140
10 0.808333 0.825069 0.205556 0.228650
10 0.959722 0.870523 0.080556 0.214876
10 0.497222 0.953168 0.244444 0.093664
10 0.031944 0.436639 0.063889 0.173554
10 0.023611 0.203857 0.047222 0.159780
