11 0.500000 0.500000 0.355556 0.443526
10 0.794444 0.787879 0.077778 0.082645
10 0.906944 0.840220 0.186111 0.170799
10 0.826389 0.530303 0.208333 0.201102
10 0.948611 0.373278 0.102778 0.212121
10 0.791667 0.088154 0.200000 0.176309
10 0.595833 0.023416 0.208333 0.046832
10 0.145833 0.049587 0.208333 0.099174
10 0.309722 0.172176 0.213889 0.190083
10 0.169444 0.548209 0.194444 0.198347
10 0.309722 0.724518 0.225000 0.209366
10 0.536111 0.842975 0.300000 0.220386
10 0.245833 0.918733 0.208333 0.162534
10 0.040278 0.920110 0.080556 0.159780
10 0.620833 0.971074 0.169444 0.057851
