11 0.501389 0.502755 0.363889 0.371901
10 0.625000 0.216253 0.194444 0.190083
10 0.837500 0.042700 0.191667 0.085399
10 0.454167 0.095041 0.202778 0.190083
10 0.241667 0.070248 0.227778 0.140496
10 0.055556 0.077135 0.111111 0.154270
10 0.304167 0.241047 0.213889 0.212121
10 0.084722 0.265840 0.169444 0.217631
10 0.051389 0.409091 0.102778 0.217631
10 0.220833 0.651515 0.241667 0.217631
10 0.066667 0.805785 0.133333 0.228650
10 0.052778 0.630854 0.105556 0.192837
10 0.422222 0.772727 0.227778 0.206612
10 0.634722 0.765840 0.197222 0.220386
10 0.252778 0.903581 0.205556 0.192837
10 0.572222 0.939394 0.222222 0.121212
10 0.813889 0.639118 0.244444 0.214876
10 0.909722 0.549587 0.180556 0.223140
10 0.972222 0.725895 0.055556 0.190083
10 0.968056 0.932507 0.063889 0.134986
10 0.837500 0.355372 0.186111 0.203857
10 0.765278 0.409091 0.175000 0.234160
10 0.968056 0.290634 0.063889 0.223140
