11 0.509722 0.502755 0.397222 0.449036
8 0.320833 0.391185 0.080556 0.082645
10 0.265278 0.285124 0.197222 0.217631
10 0.113889 0.075758 0.194444 0.151515
10 0.127778 0.370523 0.194444 0.250689
10 0.056944 0.305785 0.113889 0.187328
10 0.513889 0.152893 0.205556 0.173554
10 0.426389 0.044077 0.208333 0.088154
10 0.344444 0.060606 0.233333 0.121212
10 0.654167 0.037190 0.152778 0.074380
10 0.786111 0.118457 0.200000 0.198347
10 0.900000 0.023416 0.166667 0.046832
10 0.980556 0.132231 0.038889 0.187328
10 0.891667 0.309917 0.216667 0.239669
10 0.908333 0.582645 0.183333 0.190083
10 0.947222 0.479339 0.105556 0.165289
10 0.933333 0.921488 0.133333 0.157025
10 0.800000 0.712121 0.172222 0.234160
10 0.734722 0.938017 0.225000 0.123967
10 0.611111 0.960055 0.200000 0.079890
10 0.525000 0.814050 0.211111 0.201102
10 0.318056 0.730028 0.241667 0.214876
10 0.273611 0.796143 0.169444 0.220386
10 0.106944 0.873278 0.208333 0.253444
10 0.105556 0.619835 0.211111 0.220386
