11 0.502778 0.500000 0.405556 0.410468
8 0.302778 0.780992 0.105556 0.068871
10 0.229167 0.595041 0.191667 0.220386
10 0.086111 0.853994 0.172222 0.198347
10 0.262500 0.955923 0.180556 0.088154
10 0.423611 0.793388 0.169444 0.192837
10 0.565278 0.893939 0.213889 0.212121
10 0.627778 0.796143 0.205556 0.198347
10 0.815278 0.651515 0.202778 0.206612
10 0.945833 0.814050 0.108333 0.212121
10 0.888889 0.439394 0.222222 0.201102
10 0.951389 0.429752 0.097222 0.225895
10 0.762500 0.159780 0.191667 0.214876
10 0.891667 0.041322 0.216667 0.082645
10 0.594444 0.042700 0.211111 0.085399
10 0.508333 0.187328 0.183333 0.187328
10 0.313889 0.086777 0.244444 0.173554
10 0.179167 0.130854 0.213889 0.228650
10 0.305556 0.290634 0.216667 0.206612
10 0.063889 0.382920 0.127778 0.220386
10 0.063889 0.619835 0.127778 0.209366
