11 0.498611 0.498623 0.347222 0.462810
10 0.277778 0.289256 0.227778 0.242424
10 0.081944 0.338843 0.163889 0.181818
10 0.118056 0.090909 0.230556 0.181818
10 0.491667 0.071625 0.216667 0.143251
10 0.776389 0.068871 0.208333 0.137741
10 0.651389 0.198347 0.191667 0.209366
10 0.741667 0.297521 0.211111 0.198347
10 0.909722 0.451791 0.180556 0.209366
10 0.891667 0.844353 0.216667 0.267218
10 0.754167 0.636364 0.191667 0.220386
10 0.701389 0.936639 0.247222 0.126722
10 0.261111 0.807163 0.244444 0.220386
10 0.097222 0.949036 0.188889 0.101928
