11 0.495833 0.501377 0.325000 0.473829
10 0.712500 0.648760 0.175000 0.217631
10 0.854167 0.415978 0.180556 0.220386
10 0.729167 0.064738 0.191667 0.129477
10 0.173611 0.028926 0.191667 0.057851
10 0.059722 0.170799 0.119444 0.187328
10 0.116667 0.435262 0.188889 0.209366
10 0.063889 0.539945 0.127778 0.203857
10 0.259722 0.509642 0.152778 0.258953
10 0.222222 0.756198 0.177778 0.201102
10 0.050000 0.760331 0.100000 0.181818
10 0.429167 0.866391 0.202778 0.201102
10 0.234722 0.964187 0.202778 0.071625
10 0.652778 0.906336 0.194444 0.187328
10 0.919444 0.915978 0.161111 0.168044
