11 0.501389 0.504132 0.380556 0.440771
8 0.616667 0.292011 0.077778 0.071625
10 0.819444 0.252066 0.211111 0.206612
8 0.640278 0.880165 0.080556 0.063361
10 0.845833 0.584022 0.213889 0.247934
10 0.827778 0.504132 0.216667 0.225895
10 0.916667 0.931129 0.161111 0.137741
10 0.758333 0.954545 0.216667 0.090909
10 0.463889 0.831956 0.205556 0.214876
10 0.263889 0.690083 0.211111 0.234160
10 0.208333 0.860882 0.238889 0.190083
10 0.172222 0.969697 0.150000 0.060606
10 0.087500 0.582645 0.175000 0.206612
10 0.048611 0.190083 0.097222 0.192837
10 0.198611 0.046832 0.208333 0.093664
10 0.200000 0.256198 0.183333 0.236915
10 0.388889 0.216253 0.194444 0.173554
10 0.383333 0.099174 0.211111 0.198347
10 0.622222 0.119835 0.211111 0.201102
