11 0.513889 0.504132 0.400000 0.435262
10 0.788889 0.488981 0.211111 0.212121
10 0.829167 0.257576 0.175000 0.201102
10 0.818056 0.168044 0.241667 0.203857
10 0.975000 0.180441 0.050000 0.212121
10 0.951389 0.100551 0.097222 0.168044
10 0.573611 0.158402 0.197222 0.173554
10 0.634722 0.241047 0.219444 0.223140
10 0.454167 0.039945 0.202778 0.079890
10 0.248611 0.090909 0.202778 0.181818
10 0.256944 0.232782 0.225000 0.201102
10 0.066667 0.074380 0.133333 0.148760
10 0.084722 0.340220 0.169444 0.201102
10 0.023611 0.515152 0.047222 0.203857
10 0.130556 0.622590 0.200000 0.231405
10 0.226389 0.829201 0.225000 0.231405
10 0.352778 0.949036 0.188889 0.101928
10 0.441667 0.818182 0.188889 0.203857
10 0.562500 0.783747 0.219444 0.201102
10 0.820833 0.725895 0.247222 0.190083
10 0.773611 0.639118 0.230556 0.198347
10 0.961111 0.809917 0.077778 0.214876
10 0.947222 0.446281 0.105556 0.104683
10 0.941667 0.574380 0.116667 0.201102
10 0.862500 0.910468 0.202778 0.179063
10 0.736111 0.944904 0.194444 0.110193
10 0.897222 0.957300 0.133333 0.085399
10 0.612500 0.931129 0.191667 0.137741
