11 0.494444 0.502755 0.411111 0.426997
10 0.776389 0.389807 0.191667 0.190083
10 0.830556 0.176309 0.188889 0.192837
10 0.726389 0.174931 0.186111 0.184573
10 0.659722 0.045455 0.191667 0.090909
10 0.372222 0.048209 0.188889 0.096419
10 0.101389 0.128099 0.197222 0.206612
10 0.038889 0.044077 0.077778 0.088154
10 0.266667 0.267218 0.211111 0.203857
10 0.081944 0.341598 0.163889 0.203857
10 0.179167 0.512397 0.213889 0.214876
10 0.059722 0.633609 0.119444 0.220386
10 0.252778 0.742424 0.205556 0.201102
10 0.101389 0.899449 0.202778 0.195592
10 0.544444 0.962810 0.183333 0.074380
10 0.463889 0.921488 0.205556 0.157025
10 0.806944 0.871901 0.191667 0.195592
10 0.912500 0.705234 0.175000 0.220386
10 0.933333 0.949036 0.133333 0.101928
10 0.715278 0.713499 0.225000 0.231405
10 0.944444 0.429752 0.111111 0.176309
