11 0.500000 0.568871 0.527778 0.553719
10 0.825000 0.710744 0.172222 0.203857
10 0.933333 0.557851 0.133333 0.201102
10 0.965278 0.730028 0.069444 0.181818
10 0.741667 0.915978 0.238889 0.168044
10 0.472222 0.911846 0.238889 0.176309
10 0.258333 0.955923 0.222222 0.088154
10 0.318056 0.815427 0.186111 0.187328
10 0.093056 0.833333 0.186111 0.201102
10 0.112500 0.621212 0.225000 0.201102
10 0.181944 0.528926 0.191667 0.236915
10 0.063889 0.373278 0.127778 0.223140
10 0.025000 0.169421 0.050000 0.146006
10 0.281944 0.064738 0.208333 0.129477
10 0.402778 0.085399 0.233333 0.170799
10 0.231944 0.307163 0.197222 0.201102
10 0.431944 0.265840 0.197222 0.173554
10 0.544444 0.209366 0.200000 0.192837
10 0.759722 0.323691 0.213889 0.217631
10 0.820833 0.166667 0.225000 0.250689
10 0.927778 0.101928 0.144444 0.203857
10 0.679167 0.042700 0.197222 0.085399
