11 0.509722 0.502755 0.341667 0.355372
10 0.856944 0.484848 0.241667 0.209366
10 0.947222 0.622590 0.105556 0.203857
10 0.891667 0.877410 0.216667 0.201102
10 0.815278 0.900826 0.219444 0.198347
10 0.688889 0.921488 0.150000 0.157025
10 0.561111 0.902204 0.216667 0.195592
10 0.551389 0.822314 0.213889 0.223140
10 0.129167 0.736915 0.258333 0.212121
10 0.211111 0.508264 0.222222 0.223140
10 0.219444 0.367769 0.227778 0.217631
10 0.068056 0.254821 0.136111 0.250689
10 0.033333 0.282369 0.066667 0.162534
10 0.473611 0.221763 0.236111 0.223140
10 0.406944 0.088154 0.236111 0.176309
10 0.277778 0.078512 0.138889 0.157025
10 0.581944 0.061983 0.230556 0.123967
10 0.958333 0.103306 0.083333 0.206612
