11 0.498611 0.502755 0.458333 0.399449
8 0.319444 0.265840 0.066667 0.074380
10 0.336111 0.230028 0.222222 0.217631
10 0.222222 0.137741 0.233333 0.275482
10 0.113889 0.046832 0.138889 0.093664
10 0.475000 0.060606 0.233333 0.121212
10 0.184722 0.371901 0.219444 0.225895
10 0.168056 0.588154 0.219444 0.228650
10 0.104167 0.804408 0.208333 0.247934
10 0.056944 0.882920 0.113889 0.234160
10 0.384722 0.913223 0.219444 0.173554
10 0.245833 0.938017 0.202778 0.123967
10 0.659722 0.778237 0.202778 0.267218
10 0.537500 0.805785 0.241667 0.228650
10 0.898611 0.636364 0.202778 0.220386
10 0.812500 0.876033 0.263889 0.236915
10 0.765278 0.962810 0.213889 0.074380
10 0.947222 0.957300 0.105556 0.085399
10 0.955556 0.085399 0.088889 0.170799
10 0.973611 0.516529 0.052778 0.173554
