0 0.456944 0.524793 0.330556 0.305785
10 0.909722 0.199725 0.180556 0.195592
10 0.861111 0.351240 0.211111 0.184573
10 0.843056 0.555096 0.158333 0.162534
10 0.779167 0.491736 0.175000 0.134986
10 0.679167 0.641873 0.158333 0.165289
10 0.604167 0.749311 0.186111 0.176309
10 0.477778 0.794766 0.188889 0.179063
10 0.643056 0.955923 0.197222 0.088154
10 0.776389 0.836088 0.252778 0.190083
10 0.909722 0.939394 0.180556 0.121212
10 0.934722 0.710744 0.130556 0.220386
10 0.204167 0.939394 0.191667 0.121212
10 0.258333 0.764463 0.183333 0.162534
10 0.256944 0.673554 0.169444 0.157025
10 0.143056 0.421488 0.180556 0.209366
10 0.076389 0.618457 0.152778 0.173554
10 0.031944 0.716253 0.052778 0.181818
10 0.354167 0.274105 0.197222 0.195592
10 0.477778 0.100551 0.200000 0.190083
10 0.769444 0.067493 0.205556 0.123967
10 0.961111 0.024793 0.077778 0.044077
10 0.261111 0.092287 0.222222 0.173554
10 0.055556 0.235537 0.111111 0.146006
10 0.020833 0.338843 0.041667 0.110193
