0 0.500000 0.501377 0.300000 0.286501
8 0.954167 0.239669 0.036111 0.044077
8 0.443056 0.767218 0.063889 0.057851
10 0.737500 0.646006 0.202778 0.206612
10 0.933333 0.596419 0.133333 0.184573
10 0.883333 0.811295 0.205556 0.212121
10 0.973611 0.356749 0.052778 0.162534
10 0.986111 0.108815 0.027778 0.112948
10 0.840278 0.063361 0.213889 0.126722
10 0.333333 0.063361 0.211111 0.126722
10 0.100000 0.110193 0.200000 0.198347
10 0.462500 0.225895 0.213889 0.170799
10 0.234722 0.276860 0.197222 0.173554
10 0.256944 0.406336 0.202778 0.195592
10 0.068056 0.468320 0.136111 0.225895
10 0.027778 0.625344 0.055556 0.192837
10 0.130556 0.752066 0.194444 0.220386
10 0.320833 0.807163 0.169444 0.203857
10 0.687500 0.915978 0.208333 0.168044
10 0.890278 0.973829 0.186111 0.052342
10 0.444444 0.987603 0.127778 0.024793
10 0.216667 0.950413 0.216667 0.099174
10 0.030556 0.920110 0.061111 0.159780
