8 0.159722 0.596419 0.086111 0.079890
8 0.158333 0.403581 0.100000 0.101928
8 0.401389 0.150138 0.075000 0.085399
8 0.716667 0.414601 0.077778 0.107438
0 0.500000 0.494490 0.361111 0.371901
10 0.972222 0.088154 0.055556 0.159780
10 0.629167 0.042700 0.186111 0.085399
10 0.375000 0.022039 0.166667 0.044077
10 0.083333 0.079890 0.166667 0.159780
10 0.027778 0.415978 0.055556 0.170799
10 0.054167 0.650138 0.108333 0.198347
10 0.159722 0.898072 0.230556 0.203857
10 0.256944 0.687328 0.247222 0.212121
10 0.461111 0.823691 0.222222 0.220386
10 0.702778 0.720386 0.216667 0.217631
10 0.913889 0.903581 0.172222 0.192837
10 0.806944 0.984848 0.130556 0.030303
10 0.954167 0.707989 0.091667 0.192837
10 0.931944 0.483471 0.136111 0.217631
10 0.923611 0.246556 0.152778 0.206612
10 0.722222 0.201102 0.205556 0.225895
10 0.526389 0.180441 0.158333 0.184573
10 0.248611 0.232782 0.219444 0.261708
