0 0.502778 0.498623 0.322222 0.325069
10 0.897222 0.264463 0.183333 0.176309
10 0.963889 0.413223 0.072222 0.170799
10 0.898611 0.727273 0.202778 0.209366
10 0.875000 0.928375 0.200000 0.143251
10 0.727778 0.980716 0.111111 0.038567
10 0.652778 0.953168 0.144444 0.093664
10 0.477778 0.939394 0.161111 0.121212
10 0.629167 0.805785 0.191667 0.162534
10 0.422222 0.763085 0.183333 0.154270
10 0.775000 0.541322 0.177778 0.162534
10 0.729167 0.629477 0.180556 0.157025
10 0.254167 0.625344 0.191667 0.181818
10 0.093056 0.761708 0.186111 0.212121
10 0.065278 0.550964 0.130556 0.176309
10 0.248611 0.181818 0.175000 0.170799
10 0.708333 0.201102 0.161111 0.225895
10 0.705556 0.035813 0.166667 0.071625
10 0.075000 0.082645 0.150000 0.165289
10 0.056944 0.271350 0.113889 0.157025
10 0.048611 0.359504 0.097222 0.146006
