0 0.504167 0.500000 0.241667 0.349862
8 0.669444 0.484848 0.061111 0.060606
10 0.829167 0.303030 0.219444 0.247934
10 0.981944 0.348485 0.036111 0.201102
10 0.961111 0.121212 0.077778 0.176309
10 0.923611 0.026171 0.152778 0.052342
10 0.423611 0.035813 0.202778 0.071625
10 0.231944 0.133609 0.186111 0.212121
10 0.061111 0.132231 0.122222 0.170799
10 0.109722 0.020661 0.169444 0.041322
10 0.125000 0.603306 0.222222 0.181818
10 0.062500 0.640496 0.125000 0.173554
10 0.093056 0.920110 0.186111 0.159780
10 0.161111 0.906336 0.188889 0.187328
10 0.391667 0.980716 0.127778 0.038567
10 0.395833 0.285124 0.180556 0.173554
10 0.268056 0.363636 0.175000 0.159780
10 0.281944 0.433884 0.158333 0.168044
10 0.768056 0.698347 0.230556 0.250689
10 0.963889 0.561983 0.072222 0.176309
10 0.937500 0.869146 0.125000 0.206612
10 0.393056 0.830579 0.219444 0.234160
10 0.608333 0.939394 0.211111 0.121212
10 0.801389 0.939394 0.180556 0.121212
