0 0.502778 0.498623 0.338889 0.225895
10 0.895833 0.126722 0.186111 0.203857
10 0.801389 0.057851 0.202778 0.110193
10 0.702778 0.225895 0.161111 0.192837
10 0.501389 0.234160 0.241667 0.198347
10 0.323611 0.078512 0.186111 0.157025
10 0.051389 0.123967 0.091667 0.143251
10 0.036111 0.042700 0.066667 0.079890
10 0.150000 0.406336 0.194444 0.195592
10 0.151389 0.636364 0.180556 0.198347
10 0.437500 0.753444 0.202778 0.212121
10 0.373611 0.918733 0.202778 0.162534
10 0.786111 0.960055 0.205556 0.079890
10 0.816667 0.454545 0.200000 0.203857
10 0.886111 0.516529 0.211111 0.179063
10 0.804167 0.610193 0.219444 0.173554
10 0.988889 0.670799 0.022222 0.107438
10 0.027778 0.767218 0.050000 0.151515
10 0.044444 0.842975 0.088889 0.192837
10 0.009722 0.319559 0.019444 0.132231
