0 0.512500 0.539945 0.325000 0.358127
8 0.381944 0.077135 0.086111 0.088154
10 0.843056 0.205234 0.202778 0.201102
10 0.658333 0.286501 0.205556 0.209366
10 0.451389 0.026171 0.175000 0.052342
10 0.236111 0.110193 0.211111 0.214876
10 0.076389 0.084022 0.152778 0.168044
10 0.030556 0.264463 0.061111 0.170799
10 0.254167 0.395317 0.191667 0.228650
10 0.097222 0.545455 0.194444 0.220386
10 0.168056 0.803030 0.263889 0.250689
10 0.033333 0.719008 0.066667 0.170799
10 0.331944 0.925620 0.213889 0.148760
10 0.069444 0.942149 0.138889 0.115702
10 0.704167 0.774105 0.263889 0.187328
10 0.926389 0.732782 0.147222 0.181818
