0 0.489071 0.500000 0.453552 0.327913
10 0.967213 0.271003 0.065574 0.195122
10 0.935792 0.754743 0.128415 0.165312
10 0.844262 0.913279 0.180328 0.173442
10 0.644809 0.909214 0.131148 0.181572
10 0.468579 0.957995 0.161202 0.084011
10 0.255464 0.975610 0.150273 0.048780
10 0.064208 0.962060 0.128415 0.075881
10 0.060109 0.502710 0.120219 0.181572
10 0.304645 0.266938 0.188525 0.154472
10 0.542350 0.222222 0.226776 0.168022
10 0.808743 0.359079 0.224044 0.235772
10 0.688525 0.077236 0.158470 0.149051
10 0.484973 0.029810 0.106557 0.059621
8 0.151639 0.024390 0.046448 0.037940
