0 0.501389 0.500000 0.319444 0.294766
10 0.933333 0.388430 0.133333 0.192837
10 0.883333 0.742424 0.205556 0.228650
10 0.641667 0.757576 0.211111 0.203857
10 0.348611 0.754821 0.186111 0.170799
10 0.290278 0.709366 0.169444 0.179063
10 0.177778 0.884298 0.155556 0.198347
10 0.070833 0.903581 0.141667 0.192837
10 0.108333 0.636364 0.183333 0.170799
10 0.111111 0.538567 0.183333 0.195592
10 0.095833 0.446281 0.186111 0.165289
10 0.079167 0.177686 0.158333 0.206612
10 0.051389 0.022039 0.102778 0.044077
10 0.588889 0.090909 0.183333 0.176309
10 0.406944 0.053719 0.219444 0.107438
