0 0.508333 0.509642 0.394444 0.402204
8 0.090278 0.506887 0.069444 0.071625
8 0.025000 0.125344 0.050000 0.063361
10 0.613889 0.163912 0.238889 0.217631
10 0.775000 0.336088 0.238889 0.220386
10 0.923611 0.363636 0.147222 0.214876
10 0.886111 0.595041 0.200000 0.214876
10 0.758333 0.679063 0.205556 0.206612
10 0.776389 0.932507 0.208333 0.134986
10 0.952778 0.983471 0.094444 0.033058
10 0.581944 0.991736 0.141667 0.016529
10 0.461111 0.804408 0.227778 0.187328
10 0.277778 0.906336 0.200000 0.187328
10 0.194444 0.915978 0.222222 0.168044
10 0.093056 0.757576 0.186111 0.242424
10 0.030556 0.668044 0.061111 0.173554
10 0.219444 0.415978 0.211111 0.220386
10 0.081944 0.282369 0.163889 0.195592
10 0.169444 0.099174 0.216667 0.198347
10 0.355556 0.060606 0.216667 0.121212
10 0.554167 0.009642 0.147222 0.019284
