10 0.066667 0.662534 0.133333 0.261708
10 0.081944 0.895317 0.163889 0.181818
10 0.511111 0.893939 0.177778 0.195592
10 0.658333 0.741047 0.222222 0.220386
10 0.877778 0.805785 0.238889 0.228650
10 0.926389 0.966942 0.147222 0.066116
10 0.229167 0.433884 0.180556 0.223140
10 0.072222 0.325069 0.144444 0.220386
10 0.090278 0.108815 0.180556 0.195592
10 0.386111 0.104683 0.172222 0.209366
10 0.248611 0.095041 0.169444 0.190083
10 0.700000 0.052342 0.194444 0.104683
10 0.936111 0.049587 0.127778 0.099174
8 0.098611 0.501377 0.058333 0.066116
0 0.484722 0.508264 0.313889 0.355372
