0 0.500000 0.513774 0.338889 0.338843
8 0.726389 0.512397 0.058333 0.049587
8 0.475000 0.312672 0.066667 0.046832
8 0.430556 0.257576 0.077778 0.068871
8 0.255556 0.063361 0.072222 0.066116
8 0.016667 0.201102 0.033333 0.066116
10 0.212500 0.323691 0.213889 0.212121
10 0.525000 0.100551 0.233333 0.195592
10 0.573611 0.239669 0.169444 0.176309
10 0.788889 0.264463 0.222222 0.214876
10 0.897222 0.107438 0.205556 0.203857
10 0.743056 0.048209 0.158333 0.090909
10 0.940278 0.418733 0.119444 0.198347
10 0.970833 0.680441 0.058333 0.187328
10 0.072222 0.482094 0.133333 0.203857
10 0.087500 0.805785 0.175000 0.201102
10 0.040278 0.971074 0.080556 0.057851
10 0.383333 0.940771 0.194444 0.112948
10 0.265278 0.676309 0.225000 0.217631
10 0.593056 0.877410 0.241667 0.239669
10 0.840278 0.811295 0.197222 0.261708
10 0.747222 0.673554 0.238889 0.228650
