10 0.130556 0.885675 0.183333 0.223140
10 0.020833 0.756198 0.041667 0.118457
10 0.165278 0.493113 0.241667 0.319559
10 0.029167 0.344353 0.058333 0.170799
10 0.326389 0.242424 0.230556 0.231405
10 0.175000 0.075758 0.222222 0.146006
10 0.412500 0.073003 0.202778 0.146006
10 0.737500 0.023416 0.191667 0.046832
10 0.916667 0.107438 0.166667 0.187328
10 0.948611 0.254821 0.102778 0.168044
10 0.947222 0.370523 0.105556 0.184573
10 0.836111 0.393939 0.205556 0.143251
10 0.763889 0.358127 0.194444 0.214876
10 0.883333 0.570248 0.233333 0.137741
10 0.876389 0.685950 0.230556 0.209366
10 0.625000 0.760331 0.216667 0.187328
10 0.305556 0.732782 0.277778 0.187328
10 0.350000 0.928375 0.238889 0.143251
10 0.804167 0.962810 0.180556 0.074380
10 0.740278 0.926997 0.180556 0.146006
0 0.495833 0.493113 0.302778 0.358127
