0 0.506944 0.497245 0.291667 0.377410
10 0.808333 0.132231 0.250000 0.214876
10 0.931944 0.330579 0.136111 0.236915
10 0.726389 0.063361 0.275000 0.126722
10 0.581944 0.082645 0.197222 0.154270
10 0.112500 0.199725 0.213889 0.195592
10 0.243056 0.337466 0.147222 0.107438
10 0.226389 0.792011 0.236111 0.217631
10 0.108333 0.670799 0.200000 0.195592
10 0.476389 0.845730 0.197222 0.242424
10 0.722222 0.720386 0.233333 0.234160
10 0.890278 0.910468 0.219444 0.179063
10 0.088889 0.931129 0.177778 0.137741
