1 0.502778 0.498623 0.422222 0.429752
10 0.838889 0.575758 0.222222 0.236915
10 0.918056 0.803030 0.163889 0.217631
10 0.727778 0.877410 0.200000 0.212121
10 0.694444 0.772727 0.233333 0.212121
10 0.911111 0.333333 0.177778 0.231405
10 0.851389 0.084022 0.208333 0.168044
10 0.715278 0.256198 0.230556 0.214876
10 0.154167 0.205234 0.219444 0.228650
10 0.075000 0.564738 0.150000 0.214876
10 0.150000 0.769972 0.238889 0.234160
10 0.273611 0.720386 0.219444 0.217631
10 0.105556 0.944904 0.211111 0.110193
