1 0.497222 0.504132 0.383333 0.380165
10 0.723611 0.146006 0.219444 0.220386
10 0.612500 0.190083 0.175000 0.181818
10 0.913889 0.119835 0.172222 0.239669
10 0.793056 0.345730 0.286111 0.239669
10 0.827778 0.584022 0.272222 0.253444
10 0.777778 0.823691 0.255556 0.258953
10 0.950000 0.714876 0.100000 0.272727
10 0.526389 0.793388 0.286111 0.236915
10 0.290278 0.756198 0.213889 0.278237
10 0.147222 0.712121 0.233333 0.217631
10 0.070833 0.896694 0.141667 0.206612
10 0.255556 0.955923 0.183333 0.088154
10 0.090278 0.420110 0.180556 0.228650
10 0.063889 0.271350 0.127778 0.112948
10 0.198611 0.348485 0.308333 0.245179
10 0.201389 0.108815 0.286111 0.217631
10 0.447222 0.081267 0.250000 0.162534
