1 0.502778 0.498623 0.450000 0.451791
8 0.275000 0.378788 0.072222 0.063361
10 0.883333 0.117080 0.233333 0.223140
10 0.495833 0.154270 0.191667 0.181818
10 0.283333 0.070248 0.227778 0.140496
10 0.072222 0.082645 0.144444 0.165289
10 0.143056 0.329201 0.236111 0.239669
10 0.276389 0.252066 0.230556 0.173554
10 0.033333 0.706612 0.066667 0.228650
10 0.193056 0.887052 0.213889 0.209366
10 0.418056 0.849862 0.197222 0.190083
10 0.584722 0.954545 0.197222 0.090909
10 0.781944 0.869146 0.219444 0.261708
10 0.690278 0.812672 0.241667 0.242424
