1 0.501389 0.508264 0.436111 0.449036
8 0.230556 0.137741 0.077778 0.077135
8 0.198611 0.212121 0.091667 0.088154
10 0.130556 0.067493 0.211111 0.134986
10 0.341667 0.187328 0.211111 0.225895
10 0.716667 0.316804 0.233333 0.280992
10 0.919444 0.271350 0.161111 0.217631
10 0.900000 0.079890 0.200000 0.159780
10 0.716667 0.063361 0.144444 0.126722
10 0.530556 0.086777 0.211111 0.173554
10 0.859722 0.612948 0.208333 0.217631
10 0.765278 0.827824 0.247222 0.223140
10 0.597222 0.739669 0.277778 0.272727
10 0.898611 0.961433 0.202778 0.077135
10 0.394444 0.925620 0.211111 0.148760
10 0.269444 0.769972 0.222222 0.228650
10 0.161111 0.585399 0.233333 0.223140
10 0.169444 0.426997 0.244444 0.297521
10 0.087500 0.822314 0.175000 0.239669
