1 0.494444 0.537190 0.366667 0.374656
10 0.801389 0.524793 0.202778 0.206612
10 0.762500 0.114325 0.225000 0.228650
10 0.466667 0.100551 0.233333 0.201102
10 0.237500 0.129477 0.219444 0.236915
10 0.056944 0.106061 0.113889 0.212121
10 0.133333 0.319559 0.211111 0.225895
10 0.175000 0.727273 0.200000 0.192837
10 0.377778 0.833333 0.205556 0.256198
10 0.625000 0.772727 0.277778 0.234160
10 0.731944 0.910468 0.241667 0.179063
10 0.919444 0.869146 0.161111 0.206612
10 0.958333 0.655647 0.083333 0.181818
10 0.945833 0.406336 0.108333 0.245179
10 0.079167 0.891185 0.158333 0.195592
10 0.226389 0.964187 0.186111 0.071625
