1 0.502778 0.522039 0.366667 0.377410
10 0.758333 0.334711 0.244444 0.272727
10 0.887500 0.559229 0.225000 0.269972
10 0.809722 0.053719 0.202778 0.107438
10 0.605556 0.039945 0.194444 0.079890
10 0.358333 0.117080 0.250000 0.234160
10 0.287500 0.330579 0.230556 0.198347
10 0.201389 0.545455 0.230556 0.247934
10 0.052778 0.687328 0.105556 0.195592
10 0.038889 0.542700 0.077778 0.209366
10 0.109722 0.880165 0.219444 0.239669
10 0.384722 0.816804 0.236111 0.245179
10 0.683333 0.922865 0.227778 0.154270
10 0.645833 0.809917 0.263889 0.247934
10 0.875000 0.826446 0.188889 0.225895
10 0.050000 0.071625 0.100000 0.143251
