1 0.497222 0.500000 0.427778 0.460055
10 0.854167 0.402204 0.252778 0.220386
10 0.902778 0.212121 0.194444 0.220386
10 0.890278 0.626722 0.219444 0.239669
10 0.755556 0.555096 0.222222 0.283747
10 0.702778 0.238292 0.227778 0.289256
10 0.534722 0.146006 0.236111 0.269972
10 0.341667 0.173554 0.238889 0.297521
10 0.120833 0.117080 0.225000 0.234160
10 0.204167 0.322314 0.280556 0.214876
10 0.188889 0.504132 0.244444 0.198347
10 0.237500 0.702479 0.247222 0.253444
10 0.462500 0.793388 0.258333 0.165289
10 0.687500 0.778237 0.247222 0.217631
10 0.697222 0.947658 0.216667 0.104683
10 0.498611 0.935262 0.202778 0.129477
10 0.315278 0.896694 0.225000 0.206612
