1 0.498611 0.491736 0.441667 0.426997
10 0.722222 0.290634 0.238889 0.239669
10 0.870833 0.144628 0.225000 0.228650
10 0.701389 0.061983 0.241667 0.123967
10 0.475000 0.111570 0.194444 0.217631
10 0.266667 0.106061 0.266667 0.212121
10 0.094444 0.039945 0.188889 0.079890
10 0.063889 0.238292 0.127778 0.245179
10 0.266667 0.293388 0.244444 0.234160
10 0.834722 0.657025 0.225000 0.256198
10 0.844444 0.895317 0.261111 0.209366
10 0.675000 0.764463 0.194444 0.245179
10 0.437500 0.841598 0.252778 0.234160
10 0.180556 0.880165 0.233333 0.212121
10 0.245833 0.651515 0.258333 0.272727
