1 0.502778 0.498623 0.394444 0.396694
8 0.436111 0.841598 0.083333 0.068871
8 0.879167 0.617080 0.063889 0.055096
10 0.911111 0.724518 0.177778 0.209366
10 0.822222 0.721763 0.138889 0.231405
10 0.838889 0.921488 0.255556 0.157025
10 0.572222 0.814050 0.200000 0.223140
10 0.563889 0.958678 0.288889 0.082645
10 0.309722 0.938017 0.213889 0.123967
10 0.093056 0.896694 0.186111 0.206612
10 0.261111 0.774105 0.216667 0.214876
10 0.195833 0.584022 0.208333 0.220386
10 0.063889 0.494490 0.127778 0.173554
10 0.186111 0.347107 0.227778 0.247934
10 0.118056 0.107438 0.202778 0.214876
10 0.327778 0.084022 0.233333 0.168044
10 0.570833 0.148760 0.236111 0.220386
10 0.784722 0.046832 0.241667 0.093664
10 0.940278 0.137741 0.119444 0.242424
10 0.812500 0.298898 0.247222 0.206612
