1 0.500000 0.501377 0.388889 0.407713
8 0.693056 0.337466 0.097222 0.079890
8 0.729167 0.067493 0.069444 0.068871
8 0.145833 0.568871 0.075000 0.096419
8 0.379167 0.950413 0.047222 0.060606
10 0.897222 0.734160 0.200000 0.168044
10 0.923611 0.793388 0.152778 0.203857
10 0.723611 0.805785 0.163889 0.217631
10 0.622222 0.785124 0.194444 0.181818
10 0.822222 0.331956 0.205556 0.267218
10 0.948611 0.152893 0.102778 0.201102
10 0.366667 0.195592 0.211111 0.187328
10 0.275000 0.665289 0.200000 0.283747
10 0.101389 0.709366 0.202778 0.206612
