1 0.498611 0.506887 0.363889 0.380165
10 0.797222 0.465565 0.205556 0.231405
10 0.762500 0.242424 0.219444 0.236915
10 0.784722 0.057851 0.197222 0.115702
10 0.588889 0.108815 0.205556 0.195592
10 0.119444 0.129477 0.222222 0.225895
10 0.245833 0.294766 0.230556 0.225895
10 0.094444 0.461433 0.188889 0.234160
10 0.141667 0.687328 0.238889 0.250689
10 0.355556 0.741047 0.205556 0.220386
10 0.586111 0.772727 0.227778 0.195592
10 0.322222 0.924242 0.261111 0.151515
10 0.637500 0.925620 0.252778 0.148760
10 0.868056 0.758953 0.225000 0.239669
10 0.938889 0.542700 0.122222 0.242424
10 0.961111 0.151515 0.077778 0.209366
