1 0.504167 0.498623 0.391667 0.396694
8 0.954167 0.555096 0.063889 0.107438
8 0.979167 0.117080 0.041667 0.096419
10 0.593056 0.183196 0.197222 0.179063
10 0.697222 0.050964 0.227778 0.101928
10 0.500000 0.122590 0.194444 0.206612
10 0.836111 0.669421 0.188889 0.236915
10 0.661111 0.774105 0.216667 0.236915
10 0.575000 0.914601 0.255556 0.170799
10 0.276389 0.838843 0.213889 0.201102
10 0.076389 0.874656 0.152778 0.228650
10 0.175000 0.531680 0.222222 0.242424
10 0.219444 0.355372 0.238889 0.214876
10 0.272222 0.125344 0.194444 0.190083
10 0.136111 0.123967 0.216667 0.209366
10 0.959722 0.297521 0.080556 0.225895
10 0.881944 0.961433 0.213889 0.077135
