1 0.502778 0.522039 0.411111 0.421488
8 0.152778 0.132231 0.061111 0.066116
10 0.112500 0.048209 0.225000 0.096419
10 0.061111 0.168044 0.122222 0.214876
10 0.043056 0.203857 0.086111 0.247934
10 0.895833 0.141873 0.208333 0.206612
10 0.797222 0.118457 0.122222 0.187328
10 0.955556 0.391185 0.088889 0.214876
10 0.633333 0.206612 0.216667 0.198347
10 0.502778 0.206612 0.127778 0.192837
10 0.645833 0.067493 0.247222 0.134986
10 0.330556 0.185950 0.200000 0.201102
10 0.229167 0.632231 0.191667 0.212121
10 0.200000 0.542700 0.216667 0.187328
10 0.054167 0.513774 0.108333 0.184573
10 0.066667 0.701102 0.133333 0.223140
10 0.063889 0.921488 0.127778 0.157025
10 0.315278 0.859504 0.236111 0.198347
10 0.363889 0.793388 0.255556 0.198347
10 0.493056 0.953168 0.263889 0.093664
10 0.762500 0.935262 0.219444 0.129477
10 0.909722 0.915978 0.180556 0.168044
