1 0.505556 0.596419 0.361111 0.388430
8 0.047222 0.235537 0.094444 0.085399
10 0.162500 0.311295 0.230556 0.220386
10 0.151389 0.044077 0.158333 0.088154
10 0.162500 0.121212 0.141667 0.115702
10 0.338889 0.177686 0.211111 0.228650
10 0.556944 0.117080 0.197222 0.234160
10 0.779167 0.195592 0.197222 0.203857
10 0.779167 0.085399 0.191667 0.170799
10 0.920833 0.074380 0.158333 0.148760
10 0.937500 0.272727 0.125000 0.220386
10 0.966667 0.278237 0.066667 0.165289
10 0.755556 0.425620 0.194444 0.228650
10 0.934722 0.559229 0.130556 0.187328
10 0.895833 0.585399 0.208333 0.195592
10 0.748611 0.856749 0.186111 0.198347
10 0.527778 0.869146 0.216667 0.162534
10 0.300000 0.825069 0.205556 0.201102
10 0.127778 0.944904 0.222222 0.110193
10 0.116667 0.756198 0.194444 0.228650
10 0.101389 0.520661 0.202778 0.225895
10 0.044444 0.449036 0.088889 0.214876
