1 0.500000 0.504132 0.377778 0.369146
10 0.777778 0.276860 0.238889 0.250689
10 0.923611 0.136364 0.152778 0.234160
10 0.950000 0.349862 0.100000 0.220386
10 0.913889 0.769972 0.172222 0.201102
10 0.712500 0.727273 0.241667 0.203857
10 0.780556 0.951791 0.250000 0.096419
10 0.568056 0.877410 0.247222 0.239669
10 0.362500 0.924242 0.180556 0.151515
10 0.202778 0.958678 0.250000 0.082645
10 0.183333 0.685950 0.227778 0.242424
10 0.050000 0.465565 0.100000 0.253444
10 0.072222 0.125344 0.144444 0.201102
10 0.270833 0.179063 0.252778 0.258953
10 0.620833 0.106061 0.236111 0.212121
