1 0.502778 0.549587 0.450000 0.471074
8 0.290278 0.359504 0.086111 0.085399
10 0.625000 0.198347 0.205556 0.198347
10 0.797222 0.353994 0.188889 0.217631
10 0.920833 0.096419 0.158333 0.192837
10 0.709722 0.046832 0.191667 0.093664
10 0.147222 0.293388 0.238889 0.245179
10 0.137500 0.541322 0.202778 0.201102
10 0.220833 0.786501 0.213889 0.212121
10 0.043056 0.921488 0.086111 0.157025
10 0.490278 0.902204 0.230556 0.195592
10 0.777778 0.760331 0.222222 0.258953
10 0.901389 0.928375 0.197222 0.143251
10 0.958333 0.745179 0.083333 0.206612
10 0.979167 0.500000 0.041667 0.157025
10 0.954167 0.294766 0.091667 0.176309
