1 0.502778 0.520661 0.450000 0.512397
10 0.737500 0.290634 0.219444 0.239669
10 0.881944 0.320937 0.236111 0.272727
10 0.961111 0.128099 0.077778 0.201102
10 0.533333 0.082645 0.261111 0.165289
10 0.351389 0.078512 0.219444 0.157025
10 0.191667 0.070248 0.183333 0.140496
10 0.197222 0.265840 0.200000 0.228650
10 0.422222 0.227273 0.272222 0.157025
10 0.056944 0.391185 0.113889 0.242424
10 0.101389 0.617080 0.202778 0.231405
10 0.061111 0.921488 0.122222 0.157025
10 0.368056 0.966942 0.291667 0.066116
10 0.252778 0.899449 0.227778 0.201102
10 0.334722 0.804408 0.208333 0.198347
10 0.512500 0.848485 0.263889 0.220386
10 0.681944 0.833333 0.197222 0.300275
10 0.895833 0.840220 0.208333 0.236915
10 0.940278 0.665289 0.119444 0.228650
