1 0.505556 0.502755 0.416667 0.432507
10 0.663889 0.769972 0.200000 0.239669
10 0.866667 0.422865 0.205556 0.206612
10 0.930556 0.615702 0.138889 0.217631
10 0.772222 0.205234 0.211111 0.239669
10 0.625000 0.056474 0.216667 0.112948
10 0.145833 0.140496 0.236111 0.231405
10 0.169444 0.550964 0.205556 0.231405
10 0.200000 0.767218 0.177778 0.195592
10 0.086111 0.914601 0.172222 0.170799
10 0.468056 0.838843 0.225000 0.217631
10 0.652778 0.949036 0.216667 0.101928
10 0.866667 0.914601 0.205556 0.170799
10 0.891667 0.862259 0.200000 0.192837
