1 0.505556 0.546832 0.433333 0.426997
10 0.826389 0.581267 0.241667 0.269972
10 0.872222 0.847107 0.172222 0.179063
10 0.906944 0.458678 0.186111 0.245179
10 0.919444 0.166667 0.161111 0.173554
10 0.706944 0.147383 0.225000 0.179063
10 0.729167 0.349862 0.186111 0.187328
10 0.198611 0.380165 0.197222 0.220386
10 0.063889 0.388430 0.127778 0.170799
10 0.127778 0.564738 0.222222 0.198347
10 0.211111 0.754821 0.183333 0.159780
10 0.059722 0.822314 0.119444 0.179063
10 0.195833 0.944904 0.191667 0.110193
