1 0.505556 0.502755 0.466667 0.498623
10 0.672222 0.775482 0.200000 0.201102
10 0.881944 0.780992 0.225000 0.228650
10 0.623611 0.949036 0.252778 0.101928
10 0.259722 0.935262 0.247222 0.129477
10 0.068056 0.946281 0.136111 0.107438
10 0.084722 0.684573 0.169444 0.245179
10 0.262500 0.760331 0.241667 0.275482
10 0.802778 0.564738 0.222222 0.225895
10 0.922222 0.329201 0.155556 0.234160
10 0.945833 0.597796 0.108333 0.203857
10 0.802778 0.117080 0.233333 0.223140
10 0.736111 0.336088 0.211111 0.247934
10 0.530556 0.157025 0.233333 0.275482
10 0.506944 0.060606 0.230556 0.121212
10 0.297222 0.196970 0.227778 0.245179
10 0.105556 0.110193 0.211111 0.209366
10 0.083333 0.340220 0.166667 0.239669
