1 0.501389 0.519284 0.419444 0.382920
10 0.831944 0.500000 0.236111 0.223140
10 0.805556 0.614325 0.188889 0.154270
10 0.888889 0.388430 0.194444 0.209366
10 0.951389 0.143251 0.097222 0.203857
10 0.873611 0.049587 0.208333 0.099174
10 0.940278 0.067493 0.119444 0.134986
10 0.733333 0.141873 0.211111 0.228650
10 0.615278 0.085399 0.225000 0.170799
10 0.208333 0.103306 0.216667 0.206612
10 0.361111 0.252066 0.183333 0.234160
10 0.458333 0.191460 0.216667 0.234160
10 0.612500 0.241047 0.163889 0.212121
10 0.869444 0.840220 0.200000 0.192837
10 0.906944 0.747934 0.180556 0.190083
10 0.656944 0.789256 0.202778 0.245179
10 0.479167 0.973829 0.152778 0.052342
10 0.475000 0.940771 0.244444 0.118457
10 0.191667 0.822314 0.211111 0.223140
10 0.151389 0.725895 0.197222 0.261708
10 0.108333 0.604683 0.216667 0.184573
10 0.086111 0.560606 0.116667 0.112948
10 0.150000 0.294766 0.200000 0.214876
10 0.104167 0.376033 0.208333 0.212121
10 0.202778 0.484848 0.222222 0.181818
10 0.322222 0.661157 0.205556 0.253444
