10 0.011111 0.030303 0.022222 0.060606
10 0.106944 0.022039 0.141667 0.044077
10 0.405556 0.057851 0.205556 0.115702
10 0.594444 0.133609 0.200000 0.201102
10 0.797222 0.064738 0.216667 0.129477
10 0.352778 0.227273 0.177778 0.195592
10 0.147222 0.214876 0.222222 0.220386
10 0.051389 0.556474 0.102778 0.198347
10 0.070833 0.476584 0.141667 0.181818
10 0.183333 0.680441 0.188889 0.198347
10 0.338889 0.862259 0.205556 0.192837
10 0.175000 0.946281 0.194444 0.107438
10 0.476389 0.972452 0.186111 0.055096
10 0.650000 0.852617 0.200000 0.206612
10 0.345833 0.772727 0.219444 0.173554
10 0.722222 0.289256 0.183333 0.181818
10 0.822222 0.528926 0.216667 0.236915
10 0.909722 0.731405 0.180556 0.217631
10 0.980556 0.918733 0.038889 0.123967
