2 0.501389 0.502755 0.408333 0.355372
8 0.138889 0.096419 0.083333 0.077135
10 0.072222 0.246556 0.144444 0.162534
10 0.055556 0.063361 0.111111 0.126722
10 0.302778 0.092287 0.200000 0.184573
10 0.416667 0.028926 0.216667 0.057851
10 0.706944 0.017906 0.147222 0.035813
10 0.827778 0.115702 0.261111 0.214876
10 0.918056 0.092287 0.163889 0.184573
10 0.980556 0.314050 0.038889 0.187328
10 0.865278 0.322314 0.191667 0.192837
10 0.750000 0.351240 0.222222 0.239669
10 0.808333 0.615702 0.194444 0.212121
10 0.901389 0.765840 0.197222 0.187328
10 0.822222 0.929752 0.205556 0.140496
10 0.988889 0.955923 0.022222 0.088154
10 0.652778 0.987603 0.122222 0.024793
10 0.677778 0.754821 0.216667 0.203857
10 0.483333 0.848485 0.211111 0.220386
10 0.359722 0.741047 0.230556 0.203857
10 0.202778 0.855372 0.227778 0.190083
10 0.226389 0.984848 0.191667 0.030303
10 0.018056 0.917355 0.036111 0.121212
10 0.098611 0.750689 0.186111 0.217631
10 0.122222 0.556474 0.200000 0.181818
10 0.029167 0.399449 0.058333 0.170799
10 0.209722 0.421488 0.186111 0.203857
10 0.266667 0.293388 0.222222 0.173554
