2 0.498611 0.500000 0.391667 0.377410
8 0.031944 0.891185 0.063889 0.063361
10 0.086111 0.141873 0.172222 0.223140
10 0.237500 0.258953 0.208333 0.170799
10 0.219444 0.367769 0.194444 0.190083
10 0.384722 0.173554 0.225000 0.198347
10 0.534722 0.144628 0.197222 0.228650
10 0.441667 0.060606 0.238889 0.121212
10 0.704167 0.049587 0.191667 0.099174
10 0.893056 0.050964 0.213889 0.101928
10 0.945833 0.117080 0.108333 0.162534
10 0.718056 0.253444 0.219444 0.209366
10 0.936111 0.418733 0.127778 0.187328
10 0.963889 0.657025 0.072222 0.228650
10 0.813889 0.680441 0.200000 0.209366
10 0.744444 0.876033 0.200000 0.165289
10 0.831944 0.946281 0.202778 0.107438
10 0.573611 0.772727 0.230556 0.212121
10 0.430556 0.782369 0.172222 0.181818
10 0.508333 0.940771 0.255556 0.118457
10 0.315278 0.977961 0.119444 0.044077
10 0.097222 0.951791 0.188889 0.096419
10 0.201389 0.893939 0.191667 0.206612
10 0.215278 0.754821 0.202778 0.209366
10 0.012500 0.316804 0.025000 0.099174
