2 0.495833 0.502755 0.358333 0.393939
8 0.022222 0.593664 0.044444 0.079890
8 0.038889 0.962810 0.077778 0.074380
10 0.016667 0.056474 0.033333 0.112948
10 0.108333 0.038567 0.127778 0.077135
10 0.268056 0.095041 0.202778 0.190083
10 0.333333 0.203857 0.205556 0.198347
10 0.016667 0.344353 0.033333 0.110193
10 0.152778 0.477961 0.200000 0.195592
10 0.212500 0.651515 0.202778 0.234160
10 0.016667 0.761708 0.033333 0.151515
10 0.204167 0.926997 0.202778 0.146006
10 0.354167 0.936639 0.219444 0.126722
10 0.554167 0.982094 0.136111 0.035813
10 0.894444 0.962810 0.144444 0.074380
10 0.494444 0.816804 0.250000 0.184573
10 0.716667 0.736915 0.205556 0.190083
10 0.895833 0.643251 0.175000 0.195592
10 0.884722 0.544077 0.208333 0.184573
10 0.923611 0.221763 0.152778 0.217631
10 0.808333 0.181818 0.194444 0.209366
10 0.768056 0.074380 0.169444 0.148760
10 0.943056 0.063361 0.113889 0.126722
