2 0.500000 0.531680 0.405556 0.402204
10 0.916667 0.034435 0.166667 0.068871
10 0.850000 0.141873 0.172222 0.157025
10 0.844444 0.271350 0.188889 0.179063
10 0.758333 0.400826 0.166667 0.190083
10 0.876389 0.524793 0.197222 0.151515
10 0.836111 0.724518 0.177778 0.165289
10 0.734722 0.702479 0.152778 0.187328
10 0.975000 0.753444 0.050000 0.168044
10 0.950000 0.942149 0.100000 0.115702
10 0.620833 0.887052 0.169444 0.203857
10 0.352778 0.808540 0.211111 0.179063
10 0.154167 0.706612 0.208333 0.184573
10 0.166667 0.944904 0.227778 0.110193
10 0.188889 0.608815 0.222222 0.148760
10 0.011111 0.560606 0.022222 0.129477
10 0.037500 0.253444 0.075000 0.198347
10 0.102778 0.067493 0.205556 0.134986
10 0.250000 0.230028 0.211111 0.217631
10 0.372222 0.084022 0.166667 0.168044
10 0.501389 0.224518 0.219444 0.195592
10 0.656944 0.064738 0.247222 0.129477
