2 0.500000 0.500000 0.377778 0.371901
10 0.070833 0.089532 0.141667 0.179063
10 0.176389 0.125344 0.186111 0.162534
10 0.283333 0.162534 0.172222 0.181818
10 0.490278 0.162534 0.186111 0.181818
10 0.720833 0.203857 0.175000 0.192837
10 0.930556 0.199725 0.138889 0.157025
10 0.951389 0.311295 0.097222 0.104683
10 0.844444 0.410468 0.188889 0.143251
10 0.863889 0.506887 0.188889 0.192837
10 0.962500 0.633609 0.075000 0.132231
10 0.922222 0.735537 0.155556 0.159780
10 0.809722 0.891185 0.175000 0.168044
10 0.955556 0.943526 0.088889 0.112948
10 0.430556 0.940771 0.205556 0.118457
10 0.083333 0.932507 0.155556 0.134986
10 0.062500 0.787879 0.125000 0.187328
10 0.111111 0.539945 0.222222 0.220386
10 0.184722 0.458678 0.158333 0.206612
