2 0.504167 0.501377 0.408333 0.402204
8 0.483333 0.121212 0.105556 0.099174
8 0.283333 0.939394 0.116667 0.104683
10 0.131944 0.031680 0.186111 0.063361
10 0.555556 0.048209 0.205556 0.096419
10 0.977778 0.057851 0.044444 0.115702
10 0.930556 0.319559 0.138889 0.192837
10 0.873611 0.538567 0.186111 0.212121
10 0.708333 0.652893 0.200000 0.209366
10 0.466667 0.783747 0.233333 0.173554
10 0.609722 0.752066 0.119444 0.110193
10 0.668056 0.918733 0.208333 0.162534
10 0.908333 0.951791 0.183333 0.096419
10 0.950000 0.863636 0.100000 0.085399
10 0.105556 0.694215 0.211111 0.209366
