2 0.506944 0.504132 0.352778 0.336088
10 0.812500 0.089532 0.186111 0.146006
10 0.955556 0.205234 0.088889 0.190083
10 0.715278 0.269972 0.202778 0.203857
10 0.876389 0.376033 0.163889 0.217631
10 0.705556 0.855372 0.172222 0.134986
10 0.976389 0.955923 0.047222 0.088154
10 0.691667 0.972452 0.166667 0.055096
10 0.269444 0.696970 0.200000 0.203857
10 0.165278 0.582645 0.241667 0.184573
10 0.023611 0.831956 0.047222 0.181818
10 0.044444 0.975207 0.088889 0.049587
10 0.043056 0.403581 0.086111 0.173554
10 0.100000 0.315427 0.177778 0.190083
10 0.423611 0.086777 0.202778 0.173554
