2 0.498611 0.505510 0.447222 0.476584
8 0.056944 0.267218 0.102778 0.088154
8 0.501389 0.023416 0.075000 0.046832
10 0.029167 0.030303 0.058333 0.060606
10 0.204167 0.067493 0.219444 0.134986
10 0.286111 0.258953 0.216667 0.192837
10 0.455556 0.154270 0.250000 0.236915
10 0.695833 0.230028 0.180556 0.201102
10 0.922222 0.077135 0.155556 0.154270
10 0.908333 0.272727 0.183333 0.192837
10 0.925000 0.502755 0.150000 0.173554
10 0.956944 0.709366 0.086111 0.190083
10 0.972222 0.926997 0.055556 0.146006
10 0.829167 0.915978 0.191667 0.168044
10 0.551389 0.768595 0.325000 0.143251
10 0.579167 0.922865 0.241667 0.154270
10 0.069444 0.977961 0.138889 0.044077
10 0.205556 0.484848 0.177778 0.280992
10 0.066667 0.542700 0.133333 0.209366
