2 0.501389 0.501377 0.330556 0.325069
10 0.079167 0.064738 0.158333 0.129477
10 0.222222 0.011019 0.144444 0.022039
10 0.348611 0.165289 0.213889 0.203857
10 0.536111 0.074380 0.211111 0.148760
10 0.562500 0.023416 0.186111 0.046832
10 0.750000 0.133609 0.200000 0.184573
10 0.719444 0.230028 0.222222 0.179063
10 0.783333 0.512397 0.161111 0.203857
10 0.920833 0.476584 0.158333 0.209366
10 0.905556 0.674931 0.188889 0.181818
10 0.750000 0.938017 0.205556 0.118457
10 0.722222 0.841598 0.216667 0.201102
10 0.575000 0.973829 0.150000 0.052342
10 0.206944 0.775482 0.230556 0.206612
10 0.102778 0.590909 0.161111 0.256198
10 0.048611 0.527548 0.097222 0.179063
