2 0.498611 0.500000 0.341667 0.360882
10 0.225000 0.022039 0.150000 0.044077
10 0.440278 0.100551 0.241667 0.184573
10 0.643056 0.023416 0.125000 0.046832
10 0.954167 0.044077 0.091667 0.088154
10 0.931944 0.137741 0.136111 0.214876
10 0.888889 0.195592 0.205556 0.214876
10 0.981944 0.533058 0.036111 0.134986
10 0.830556 0.519284 0.222222 0.184573
10 0.980556 0.953168 0.038889 0.071625
10 0.779167 0.975207 0.158333 0.049587
10 0.516667 0.920110 0.200000 0.159780
10 0.063889 0.979339 0.127778 0.041322
10 0.147222 0.929752 0.227778 0.140496
10 0.233333 0.889807 0.216667 0.198347
10 0.161111 0.632231 0.188889 0.184573
10 0.198611 0.523416 0.191667 0.192837
10 0.068056 0.377410 0.136111 0.203857
10 0.048611 0.146006 0.097222 0.187328
10 0.227778 0.231405 0.205556 0.203857
