2 0.495833 0.500000 0.408333 0.410468
10 0.130556 0.103306 0.205556 0.184573
10 0.330556 0.081267 0.205556 0.162534
10 0.411111 0.074380 0.200000 0.148760
10 0.550000 0.093664 0.211111 0.187328
10 0.873611 0.067493 0.186111 0.134986
10 0.868056 0.137741 0.169444 0.187328
10 0.680556 0.234160 0.172222 0.198347
10 0.816667 0.276860 0.194444 0.190083
10 0.943056 0.320937 0.113889 0.190083
10 0.936111 0.706612 0.127778 0.184573
10 0.906944 0.637741 0.186111 0.179063
10 0.734722 0.688705 0.186111 0.181818
10 0.765278 0.918733 0.163889 0.162534
10 0.520833 0.977961 0.141667 0.044077
10 0.081944 0.819559 0.163889 0.212121
10 0.036111 0.578512 0.072222 0.181818
10 0.025000 0.381543 0.050000 0.179063
