2 0.497222 0.502755 0.400000 0.371901
10 0.184722 0.201102 0.191667 0.187328
10 0.133333 0.125344 0.222222 0.190083
10 0.325000 0.067493 0.183333 0.134986
10 0.551389 0.064738 0.180556 0.129477
10 0.750000 0.017906 0.138889 0.035813
10 0.063889 0.353994 0.127778 0.239669
10 0.311111 0.314050 0.294444 0.126722
10 0.852778 0.435262 0.144444 0.231405
10 0.929167 0.440771 0.141667 0.192837
10 0.768056 0.665289 0.252778 0.190083
10 0.940278 0.915978 0.119444 0.168044
10 0.780556 0.982094 0.172222 0.035813
10 0.762500 0.859504 0.219444 0.181818
10 0.504167 0.782369 0.291667 0.126722
10 0.347222 0.906336 0.233333 0.187328
10 0.176389 0.971074 0.119444 0.057851
10 0.061111 0.915978 0.122222 0.168044
10 0.091667 0.663912 0.183333 0.220386
