2 0.502778 0.493113 0.388889 0.391185
8 0.955556 0.650138 0.088889 0.071625
10 0.123611 0.106061 0.197222 0.190083
10 0.326389 0.027548 0.163889 0.055096
10 0.502778 0.112948 0.211111 0.187328
10 0.709722 0.038567 0.219444 0.077135
10 0.923611 0.090909 0.152778 0.181818
10 0.805556 0.236915 0.205556 0.231405
10 0.979167 0.301653 0.041667 0.190083
10 0.920833 0.477961 0.158333 0.184573
10 0.897222 0.816804 0.205556 0.217631
10 0.831944 0.982094 0.108333 0.035813
10 0.301389 0.960055 0.186111 0.079890
10 0.037500 0.827824 0.075000 0.157025
10 0.266667 0.739669 0.216667 0.195592
10 0.204167 0.502755 0.180556 0.168044
10 0.308333 0.245179 0.238889 0.225895
10 0.083333 0.319559 0.166667 0.198347
