2 0.451389 0.526171 0.380556 0.402204
8 0.490278 0.301653 0.091667 0.057851
10 0.933333 0.060606 0.133333 0.121212
10 0.936111 0.188705 0.127778 0.234160
10 0.605556 0.097796 0.261111 0.162534
10 0.454167 0.130854 0.213889 0.195592
10 0.288889 0.041322 0.211111 0.082645
10 0.236111 0.192837 0.216667 0.192837
10 0.061111 0.279614 0.122222 0.228650
10 0.154167 0.433884 0.202778 0.201102
10 0.029167 0.654270 0.058333 0.157025
10 0.061111 0.728650 0.122222 0.173554
10 0.277778 0.793388 0.233333 0.170799
10 0.088889 0.909091 0.177778 0.181818
10 0.477778 0.936639 0.222222 0.126722
10 0.523611 0.863636 0.208333 0.184573
10 0.704167 0.688705 0.175000 0.247934
10 0.841667 0.814050 0.183333 0.217631
10 0.926389 0.942149 0.147222 0.115702
10 0.913889 0.621212 0.172222 0.217631
10 0.780556 0.311295 0.200000 0.209366
10 0.648611 0.322314 0.213889 0.187328
