2 0.495833 0.504132 0.369444 0.363636
8 0.981944 0.527548 0.036111 0.057851
10 0.019444 0.048209 0.038889 0.096419
10 0.137500 0.121212 0.197222 0.176309
10 0.393056 0.144628 0.236111 0.190083
10 0.888889 0.070248 0.222222 0.140496
10 0.847222 0.312672 0.200000 0.206612
10 0.830556 0.961433 0.205556 0.077135
10 0.654167 0.820937 0.213889 0.220386
10 0.554167 0.977961 0.125000 0.044077
10 0.297222 0.935262 0.200000 0.129477
10 0.084722 0.907713 0.169444 0.184573
10 0.186111 0.742424 0.205556 0.217631
10 0.095833 0.486226 0.191667 0.261708
