2 0.487500 0.494490 0.358333 0.327824
8 0.386111 0.889807 0.088889 0.088154
8 0.952778 0.925620 0.094444 0.148760
10 0.465278 0.063361 0.230556 0.126722
10 0.320833 0.228650 0.219444 0.203857
10 0.137500 0.205234 0.236111 0.228650
10 0.922222 0.246556 0.155556 0.201102
10 0.980556 0.517906 0.038889 0.143251
10 0.911111 0.490358 0.177778 0.159780
10 0.770833 0.561983 0.197222 0.203857
10 0.872222 0.681818 0.183333 0.228650
10 0.441667 0.763085 0.255556 0.187328
10 0.208333 0.606061 0.205556 0.225895
10 0.088889 0.800275 0.155556 0.195592
10 0.236111 0.914601 0.277778 0.170799
10 0.172222 0.969697 0.188889 0.060606
