2 0.516667 0.486226 0.433333 0.399449
10 0.668056 0.121212 0.197222 0.209366
10 0.431944 0.059229 0.236111 0.118457
10 0.112500 0.045455 0.225000 0.090909
10 0.041667 0.146006 0.083333 0.148760
10 0.229167 0.152893 0.213889 0.184573
10 0.031944 0.400826 0.063889 0.217631
10 0.191667 0.479339 0.227778 0.198347
10 0.065278 0.666667 0.130556 0.236915
10 0.075000 0.942149 0.150000 0.115702
10 0.311111 0.951791 0.233333 0.096419
10 0.322222 0.713499 0.216667 0.187328
10 0.530556 0.794766 0.211111 0.228650
10 0.688889 0.831956 0.194444 0.225895
10 0.825000 0.827824 0.150000 0.239669
10 0.961111 0.863636 0.077778 0.151515
10 0.969444 0.621212 0.061111 0.195592
10 0.888889 0.567493 0.194444 0.236915
10 0.801389 0.330579 0.202778 0.198347
