2 0.501389 0.500000 0.441667 0.426997
8 0.769444 0.382920 0.072222 0.066116
8 0.887500 0.636364 0.080556 0.093664
10 0.884722 0.064738 0.213889 0.129477
10 0.654167 0.061983 0.186111 0.123967
10 0.586111 0.157025 0.166667 0.214876
10 0.530556 0.201102 0.233333 0.165289
10 0.345833 0.104683 0.208333 0.181818
10 0.105556 0.067493 0.211111 0.134986
10 0.094444 0.282369 0.188889 0.206612
10 0.183333 0.413223 0.166667 0.203857
10 0.150000 0.530303 0.200000 0.223140
10 0.144444 0.763085 0.200000 0.203857
10 0.333333 0.870523 0.188889 0.170799
10 0.176389 0.962810 0.202778 0.074380
10 0.593056 0.855372 0.213889 0.239669
10 0.587500 0.933884 0.175000 0.132231
10 0.765278 0.869146 0.186111 0.261708
10 0.937500 0.851240 0.125000 0.220386
10 0.977778 0.626722 0.044444 0.123967
10 0.886111 0.454545 0.188889 0.203857
10 0.941667 0.246556 0.116667 0.261708
10 0.756944 0.264463 0.202778 0.176309
10 0.784722 0.578512 0.169444 0.280992
