2 0.506944 0.513774 0.352778 0.360882
10 0.183333 0.096419 0.227778 0.192837
10 0.029167 0.195592 0.058333 0.170799
10 0.531944 0.053719 0.202778 0.107438
10 0.652778 0.172176 0.205556 0.228650
10 0.862500 0.097796 0.202778 0.195592
10 0.900000 0.574380 0.200000 0.223140
10 0.911111 0.917355 0.177778 0.165289
10 0.675000 0.939394 0.238889 0.121212
10 0.676389 0.753444 0.219444 0.212121
10 0.451389 0.860882 0.208333 0.201102
10 0.355556 0.980716 0.116667 0.038567
10 0.090278 0.823691 0.180556 0.203857
10 0.175000 0.628099 0.194444 0.181818
10 0.019444 0.659780 0.038889 0.179063
