2 0.498611 0.563361 0.391667 0.432507
8 0.293056 0.707989 0.086111 0.077135
10 0.152778 0.304408 0.227778 0.267218
10 0.144444 0.505510 0.211111 0.228650
10 0.169444 0.842975 0.194444 0.214876
10 0.252778 0.859504 0.194444 0.192837
10 0.583333 0.946281 0.205556 0.107438
10 0.834722 0.922865 0.213889 0.154270
10 0.926389 0.876033 0.147222 0.231405
10 0.762500 0.782369 0.208333 0.220386
10 0.873611 0.574380 0.241667 0.239669
10 0.976389 0.360882 0.047222 0.214876
10 0.909722 0.234160 0.180556 0.181818
10 0.854167 0.148760 0.225000 0.247934
10 0.973611 0.042700 0.052778 0.085399
10 0.648611 0.227273 0.197222 0.239669
10 0.384722 0.073003 0.219444 0.146006
