2 0.438889 0.498623 0.394444 0.391185
10 0.927778 0.079890 0.144444 0.159780
10 0.968056 0.326446 0.063889 0.157025
10 0.884722 0.495868 0.219444 0.209366
10 0.722222 0.633609 0.194444 0.192837
10 0.919444 0.801653 0.161111 0.242424
10 0.947222 0.951791 0.105556 0.096419
10 0.602778 0.929752 0.188889 0.140496
10 0.476389 0.954545 0.225000 0.090909
10 0.252778 0.942149 0.194444 0.115702
10 0.466667 0.811295 0.272222 0.184573
10 0.255556 0.746556 0.227778 0.203857
10 0.056944 0.553719 0.113889 0.225895
10 0.206944 0.280992 0.230556 0.192837
10 0.194444 0.077135 0.244444 0.154270
10 0.593056 0.055096 0.219444 0.110193
