2 0.501389 0.504132 0.330556 0.385675
10 0.879167 0.260331 0.213889 0.234160
10 0.718056 0.203857 0.219444 0.192837
10 0.556944 0.071625 0.191667 0.143251
10 0.354167 0.158402 0.180556 0.168044
10 0.319444 0.024793 0.177778 0.049587
10 0.122222 0.075758 0.205556 0.151515
10 0.062500 0.305785 0.125000 0.247934
10 0.202778 0.450413 0.227778 0.212121
10 0.105556 0.634986 0.211111 0.184573
10 0.130556 0.867769 0.188889 0.214876
10 0.291667 0.976584 0.172222 0.046832
10 0.506944 0.961433 0.225000 0.077135
10 0.312500 0.765840 0.208333 0.198347
10 0.530556 0.829201 0.200000 0.165289
10 0.727778 0.865014 0.188889 0.170799
10 0.930556 0.871901 0.138889 0.195592
10 0.797222 0.495868 0.216667 0.247934
10 0.952778 0.460055 0.094444 0.231405
