2 0.500000 0.533058 0.455556 0.476584
10 0.959722 0.070248 0.080556 0.140496
10 0.933333 0.106061 0.122222 0.151515
10 0.700000 0.268595 0.227778 0.162534
10 0.526389 0.121212 0.141667 0.181818
10 0.411111 0.185950 0.244444 0.190083
10 0.250000 0.052342 0.200000 0.104683
10 0.181944 0.107438 0.219444 0.214876
10 0.025000 0.487603 0.050000 0.126722
10 0.166667 0.501377 0.183333 0.198347
10 0.127778 0.640496 0.194444 0.179063
10 0.061111 0.812672 0.122222 0.209366
10 0.116667 0.936639 0.233333 0.126722
10 0.313889 0.837466 0.222222 0.231405
10 0.436111 0.852617 0.177778 0.162534
10 0.568056 0.869146 0.186111 0.179063
10 0.644444 0.968320 0.150000 0.063361
10 0.916667 0.955923 0.166667 0.088154
10 0.923611 0.849862 0.152778 0.179063
10 0.795833 0.699725 0.163889 0.236915
10 0.854167 0.658402 0.180556 0.220386
10 0.958333 0.504132 0.083333 0.203857
10 0.977778 0.289256 0.044444 0.148760
