2 0.497222 0.495868 0.338889 0.380165
10 0.041667 0.198347 0.083333 0.187328
10 0.026389 0.022039 0.052778 0.044077
10 0.200000 0.309917 0.216667 0.228650
10 0.845833 0.045455 0.213889 0.090909
10 0.952778 0.151515 0.094444 0.253444
10 0.844444 0.465565 0.183333 0.225895
10 0.019444 0.619835 0.038889 0.165289
8 0.026389 0.841598 0.052778 0.079890
10 0.150000 0.685950 0.183333 0.181818
10 0.358333 0.769972 0.200000 0.190083
10 0.540278 0.944904 0.202778 0.110193
10 0.200000 0.909091 0.255556 0.181818
10 0.955556 0.979339 0.088889 0.041322
