2 0.491667 0.508264 0.438889 0.344353
10 0.930556 0.231405 0.138889 0.209366
10 0.754167 0.264463 0.197222 0.187328
10 0.840278 0.449036 0.158333 0.258953
10 0.936111 0.476584 0.127778 0.165289
10 0.751389 0.776860 0.191667 0.214876
10 0.672222 0.823691 0.183333 0.192837
10 0.581944 0.763085 0.202778 0.209366
10 0.212500 0.939394 0.152778 0.121212
10 0.101389 0.953168 0.152778 0.093664
10 0.081944 0.783747 0.163889 0.184573
10 0.202778 0.691460 0.150000 0.220386
10 0.293056 0.701102 0.152778 0.184573
10 0.201389 0.465565 0.147222 0.176309
10 0.062500 0.409091 0.125000 0.234160
10 0.034722 0.088154 0.069444 0.176309
10 0.176389 0.070248 0.180556 0.140496
10 0.288889 0.044077 0.133333 0.088154
10 0.479167 0.059229 0.208333 0.118457
10 0.318056 0.213499 0.175000 0.228650
