2 0.484722 0.515152 0.486111 0.407713
10 0.900000 0.067493 0.200000 0.134986
10 0.694444 0.161157 0.227778 0.212121
10 0.312500 0.077135 0.175000 0.154270
10 0.068056 0.090909 0.136111 0.181818
10 0.062500 0.421488 0.125000 0.231405
10 0.161111 0.619835 0.205556 0.203857
10 0.102778 0.798898 0.205556 0.220386
10 0.226389 0.943526 0.202778 0.112948
10 0.484722 0.947658 0.236111 0.104683
10 0.847222 0.955923 0.166667 0.088154
10 0.979167 0.703857 0.041667 0.151515
10 0.868056 0.573003 0.213889 0.225895
10 0.340278 0.801653 0.236111 0.225895
