10 0.522222 0.122590 0.200000 0.195592
10 0.637500 0.122590 0.141667 0.184573
10 0.852778 0.287879 0.172222 0.162534
10 0.829167 0.633609 0.180556 0.187328
10 0.943056 0.852617 0.113889 0.179063
10 0.269444 0.669421 0.166667 0.170799
10 0.362500 0.800275 0.175000 0.195592
10 0.469444 0.803030 0.138889 0.184573
10 0.219444 0.942149 0.194444 0.115702
10 0.066667 0.723140 0.133333 0.179063
10 0.205556 0.301653 0.177778 0.190083
10 0.106944 0.303030 0.175000 0.214876
10 0.338889 0.216253 0.188889 0.212121
10 0.091667 0.081267 0.183333 0.162534
3 0.506944 0.502755 0.241667 0.234160
