3 0.473611 0.526389 0.236111 0.225000
8 0.415278 0.383333 0.097222 0.088889
8 0.833333 0.390278 0.183333 0.125000
8 0.022222 0.033333 0.044444 0.066667
10 0.868056 0.129167 0.186111 0.236111
10 0.651389 0.241667 0.191667 0.177778
10 0.676389 0.063889 0.158333 0.127778
10 0.462500 0.076389 0.213889 0.152778
10 0.431944 0.181944 0.247222 0.208333
10 0.673611 0.452778 0.163889 0.211111
10 0.801389 0.813889 0.186111 0.244444
10 0.966667 0.795833 0.066667 0.158333
10 0.962500 0.470833 0.075000 0.158333
10 0.090278 0.338889 0.180556 0.205556
10 0.306944 0.709722 0.186111 0.169444
10 0.383333 0.755556 0.172222 0.188889
10 0.584722 0.747222 0.158333 0.188889
10 0.480556 0.952778 0.177778 0.094444
10 0.156944 0.819444 0.175000 0.188889
10 0.052778 0.794444 0.105556 0.238889
