3 0.502778 0.502755 0.294444 0.256198
10 0.086111 0.269972 0.172222 0.170799
10 0.016667 0.095041 0.033333 0.129477
10 0.252778 0.148760 0.205556 0.176309
10 0.475000 0.086777 0.238889 0.173554
10 0.591667 0.247934 0.194444 0.258953
10 0.772222 0.276860 0.205556 0.179063
10 0.940278 0.015152 0.119444 0.030303
10 0.770833 0.590909 0.236111 0.245179
10 0.920833 0.853994 0.158333 0.159780
10 0.365278 0.885675 0.130556 0.228650
10 0.129167 0.878788 0.202778 0.181818
10 0.036111 0.976584 0.072222 0.046832
10 0.206944 0.685950 0.269444 0.154270
10 0.133333 0.505510 0.194444 0.206612
