3 0.500000 0.519284 0.244444 0.267218
8 0.395833 0.195592 0.041667 0.049587
10 0.909722 0.041322 0.180556 0.082645
10 0.625000 0.241047 0.233333 0.239669
10 0.895833 0.216253 0.147222 0.140496
10 0.916667 0.429752 0.166667 0.209366
10 0.754167 0.560606 0.197222 0.217631
10 0.795833 0.918733 0.236111 0.162534
10 0.450000 0.972452 0.100000 0.055096
10 0.434722 0.812672 0.186111 0.181818
10 0.095833 0.866391 0.191667 0.190083
10 0.048611 0.652893 0.097222 0.192837
10 0.044444 0.278237 0.088889 0.154270
10 0.023611 0.084022 0.047222 0.168044
