3 0.511111 0.476584 0.255556 0.214876
8 0.418056 0.593664 0.113889 0.085399
10 0.963889 0.615702 0.072222 0.173554
10 0.926389 0.404959 0.147222 0.170799
10 0.954167 0.336088 0.091667 0.148760
10 0.916667 0.031680 0.166667 0.057851
10 0.813889 0.648760 0.194444 0.184573
10 0.937500 0.965565 0.125000 0.068871
10 0.752778 0.936639 0.177778 0.126722
10 0.551389 0.918733 0.163889 0.162534
10 0.320833 0.904959 0.175000 0.157025
10 0.281944 0.874656 0.136111 0.140496
10 0.388889 0.717631 0.211111 0.206612
10 0.615278 0.695592 0.175000 0.223140
10 0.259722 0.632231 0.180556 0.206612
10 0.084722 0.833333 0.169444 0.217631
10 0.050000 0.661157 0.100000 0.247934
10 0.345833 0.305785 0.219444 0.198347
10 0.130556 0.318182 0.188889 0.195592
10 0.055556 0.265840 0.100000 0.134986
10 0.147222 0.100551 0.227778 0.190083
10 0.179167 0.011019 0.230556 0.022039
10 0.379167 0.096419 0.197222 0.192837
10 0.459722 0.121212 0.191667 0.181818
