10 0.084722 0.074380 0.169444 0.148760
10 0.113889 0.206612 0.227778 0.236915
10 0.805556 0.064738 0.244444 0.129477
10 0.981944 0.030303 0.036111 0.060606
10 0.611111 0.275482 0.216667 0.203857
10 0.331944 0.322314 0.252778 0.231405
10 0.180556 0.528926 0.211111 0.214876
10 0.019444 0.582645 0.038889 0.107438
10 0.287500 0.677686 0.219444 0.214876
10 0.706944 0.582645 0.147222 0.201102
10 0.905556 0.537190 0.188889 0.242424
10 0.862500 0.768595 0.180556 0.231405
10 0.288889 0.909091 0.233333 0.181818
10 0.087500 0.938017 0.163889 0.123967
10 0.880556 0.991736 0.133333 0.016529
3 0.495833 0.505510 0.208333 0.256198
