3 0.502778 0.519284 0.333333 0.327824
10 0.218056 0.436639 0.230556 0.223140
10 0.083333 0.242424 0.166667 0.258953
10 0.151389 0.071625 0.202778 0.143251
10 0.405556 0.067493 0.222222 0.134986
10 0.461111 0.236915 0.238889 0.209366
10 0.684722 0.034435 0.180556 0.068871
10 0.905556 0.070248 0.188889 0.140496
10 0.777778 0.389807 0.244444 0.316804
10 0.312500 0.725895 0.286111 0.239669
10 0.023611 0.582645 0.047222 0.168044
10 0.086111 0.800275 0.172222 0.234160
10 0.131944 0.903581 0.247222 0.192837
10 0.476389 0.962810 0.186111 0.074380
10 0.954167 0.990358 0.091667 0.019284
