3 0.497222 0.519284 0.294444 0.322314
10 0.212500 0.308540 0.330556 0.269972
10 0.588889 0.185950 0.238889 0.278237
10 0.248611 0.060606 0.241667 0.121212
10 0.081944 0.122590 0.163889 0.245179
10 0.163889 0.559229 0.327778 0.258953
10 0.018056 0.439394 0.036111 0.134986
10 0.251389 0.763085 0.286111 0.253444
10 0.055556 0.804408 0.111111 0.258953
10 0.062500 0.977961 0.125000 0.044077
10 0.255556 0.931129 0.205556 0.137741
10 0.577778 0.752066 0.311111 0.242424
10 0.626389 0.946281 0.225000 0.107438
10 0.841667 0.871901 0.238889 0.256198
10 0.970833 0.954545 0.058333 0.090909
10 0.950000 0.571625 0.100000 0.217631
10 0.979167 0.290634 0.041667 0.201102
10 0.809722 0.279614 0.236111 0.289256
10 0.827778 0.090909 0.261111 0.181818
10 0.943056 0.031680 0.113889 0.063361
10 0.475000 0.011019 0.133333 0.022039
