3 0.504167 0.498623 0.236111 0.231405
10 0.058333 0.471074 0.116667 0.170799
10 0.108333 0.410468 0.216667 0.181818
10 0.056944 0.196970 0.113889 0.206612
10 0.090278 0.011019 0.091667 0.022039
10 0.418056 0.258953 0.202778 0.181818
10 0.368056 0.207989 0.213889 0.212121
10 0.647222 0.312672 0.200000 0.184573
10 0.834722 0.640496 0.197222 0.184573
10 0.962500 0.763085 0.075000 0.154270
10 0.734722 0.106061 0.219444 0.212121
10 0.952778 0.045455 0.094444 0.090909
10 0.926389 0.198347 0.147222 0.198347
10 0.262500 0.578512 0.241667 0.209366
10 0.025000 0.972452 0.050000 0.055096
10 0.233333 0.899449 0.177778 0.201102
10 0.434722 0.960055 0.225000 0.079890
10 0.533333 0.926997 0.205556 0.146006
10 0.750000 0.982094 0.144444 0.035813
