3 0.498611 0.501377 0.258333 0.286501
10 0.023611 0.093664 0.047222 0.159780
10 0.354167 0.034435 0.191667 0.068871
10 0.791667 0.093664 0.250000 0.187328
10 0.933333 0.230028 0.133333 0.217631
10 0.730556 0.358127 0.250000 0.264463
10 0.383333 0.181818 0.211111 0.170799
10 0.186111 0.447658 0.216667 0.190083
10 0.322222 0.712121 0.250000 0.239669
10 0.479167 0.899449 0.202778 0.201102
10 0.255556 0.946281 0.200000 0.107438
10 0.718056 0.917355 0.219444 0.165289
10 0.909722 0.834711 0.180556 0.198347
10 0.751389 0.637741 0.213889 0.228650
10 0.959722 0.652893 0.080556 0.187328
