3 0.516667 0.500000 0.283333 0.267218
8 0.944444 0.501377 0.100000 0.132231
8 0.929167 0.592287 0.141667 0.126722
10 0.927778 0.287879 0.144444 0.278237
10 0.809722 0.353994 0.225000 0.217631
10 0.747222 0.585399 0.183333 0.250689
10 0.979167 0.931129 0.041667 0.137741
10 0.590278 0.891185 0.263889 0.217631
10 0.419444 0.825069 0.216667 0.217631
10 0.226389 0.665289 0.208333 0.206612
10 0.286111 0.438017 0.227778 0.225895
10 0.081944 0.552342 0.163889 0.239669
10 0.033333 0.152893 0.066667 0.195592
10 0.156944 0.044077 0.225000 0.088154
10 0.283333 0.013774 0.105556 0.027548
10 0.704167 0.016529 0.136111 0.033058
10 0.097222 0.949036 0.194444 0.101928
