3 0.502778 0.500000 0.300000 0.311295
10 0.973611 0.052342 0.052778 0.104683
10 0.886111 0.176309 0.216667 0.203857
10 0.705556 0.296143 0.233333 0.184573
10 0.752778 0.579890 0.194444 0.212121
10 0.937500 0.579890 0.125000 0.234160
10 0.744444 0.876033 0.194444 0.176309
10 0.450000 0.922865 0.211111 0.154270
10 0.220833 0.918733 0.175000 0.162534
10 0.358333 0.736915 0.205556 0.184573
10 0.250000 0.458678 0.211111 0.195592
10 0.197222 0.252066 0.200000 0.190083
10 0.130556 0.045455 0.188889 0.090909
10 0.034722 0.619835 0.063889 0.148760
