3 0.497222 0.501377 0.261111 0.280992
10 0.352778 0.268595 0.216667 0.212121
10 0.140278 0.181818 0.186111 0.192837
10 0.025000 0.070248 0.050000 0.140496
10 0.119444 0.425620 0.222222 0.179063
10 0.118056 0.670799 0.236111 0.234160
10 0.225000 0.887052 0.200000 0.181818
10 0.036111 0.982094 0.072222 0.035813
10 0.352778 0.984848 0.127778 0.030303
10 0.551389 0.982094 0.136111 0.035813
10 0.766667 0.852617 0.238889 0.261708
10 0.956944 0.895317 0.086111 0.192837
10 0.930556 0.257576 0.138889 0.157025
