4 0.497222 0.495868 0.311111 0.358127
8 0.433333 0.730028 0.133333 0.148760
10 0.775000 0.535813 0.222222 0.239669
10 0.627778 0.192837 0.238889 0.231405
10 0.797222 0.084022 0.238889 0.157025
10 0.947222 0.362259 0.105556 0.206612
10 0.937500 0.586777 0.125000 0.286501
10 0.698611 0.884298 0.225000 0.231405
10 0.600000 0.946281 0.222222 0.101928
10 0.462500 0.845730 0.241667 0.236915
10 0.204167 0.767218 0.225000 0.261708
10 0.066667 0.876033 0.133333 0.231405
10 0.130556 0.506887 0.244444 0.236915
10 0.070833 0.398072 0.141667 0.217631
10 0.101389 0.203857 0.202778 0.231405
10 0.276389 0.301653 0.197222 0.272727
10 0.433333 0.100551 0.233333 0.201102
10 0.180556 0.092287 0.277778 0.184573
