10 0.763889 0.933884 0.250000 0.132231
10 0.923611 0.826446 0.152778 0.264463
10 0.748611 0.696970 0.252778 0.214876
10 0.494444 0.769972 0.216667 0.201102
10 0.277778 0.798898 0.211111 0.209366
10 0.062500 0.904959 0.125000 0.190083
10 0.202778 0.577135 0.205556 0.223140
10 0.173611 0.351240 0.241667 0.212121
10 0.052778 0.449036 0.105556 0.258953
10 0.336111 0.143251 0.200000 0.209366
10 0.130556 0.079890 0.211111 0.154270
10 0.813889 0.480716 0.227778 0.201102
10 0.876389 0.275482 0.197222 0.187328
10 0.948611 0.117080 0.102778 0.195592
10 0.630556 0.046832 0.211111 0.093664
