4 0.461111 0.494490 0.394444 0.349862
8 0.847222 0.075758 0.094444 0.096419
10 0.766667 0.914601 0.216667 0.170799
10 0.555556 0.925620 0.194444 0.148760
10 0.315278 0.848485 0.247222 0.187328
10 0.409722 0.805785 0.236111 0.195592
10 0.268056 0.651515 0.252778 0.201102
10 0.401389 0.254821 0.213889 0.228650
10 0.483333 0.207989 0.200000 0.201102
10 0.329167 0.067493 0.180556 0.134986
10 0.247222 0.067493 0.144444 0.134986
10 0.080556 0.106061 0.161111 0.212121
10 0.063889 0.685950 0.127778 0.214876
10 0.079167 0.907713 0.158333 0.184573
10 0.919444 0.224518 0.161111 0.212121
10 0.898611 0.320937 0.202778 0.146006
10 0.947222 0.407713 0.105556 0.148760
10 0.958333 0.497245 0.083333 0.112948
10 0.972222 0.604683 0.055556 0.157025
