4 0.495833 0.494490 0.363889 0.360882
10 0.802778 0.487603 0.222222 0.231405
10 0.898611 0.705234 0.202778 0.192837
10 0.869444 0.184573 0.216667 0.209366
10 0.733333 0.188705 0.222222 0.272727
10 0.573611 0.793388 0.225000 0.225895
10 0.955556 0.892562 0.088889 0.209366
10 0.566667 0.935262 0.227778 0.129477
10 0.293056 0.935262 0.236111 0.129477
10 0.081944 0.931129 0.163889 0.137741
10 0.229167 0.599174 0.191667 0.206612
10 0.320833 0.301653 0.219444 0.201102
10 0.265278 0.112948 0.263889 0.214876
10 0.079167 0.201102 0.158333 0.225895
10 0.393056 0.046832 0.208333 0.093664
10 0.634722 0.030303 0.208333 0.060606
10 0.036111 0.738292 0.072222 0.209366
