4 0.500000 0.504132 0.283333 0.275482
10 0.848611 0.297521 0.202778 0.203857
1 0.848611 0.787879 0.302778 0.424242
10 0.604167 0.895317 0.219444 0.203857
10 0.902778 0.487603 0.194444 0.170799
10 0.873611 0.064738 0.219444 0.129477
10 0.640278 0.126722 0.219444 0.214876
10 0.405556 0.263085 0.205556 0.195592
10 0.191667 0.122590 0.188889 0.206612
10 0.195833 0.366391 0.219444 0.236915
10 0.061111 0.271350 0.122222 0.190083
10 0.040278 0.085399 0.080556 0.170799
10 0.230556 0.749311 0.244444 0.170799
10 0.279167 0.922865 0.219444 0.148760
10 0.662500 0.662534 0.219444 0.234160
10 0.273611 0.534435 0.197222 0.242424
