4 0.504167 0.519284 0.302778 0.311295
10 0.480556 0.826446 0.205556 0.220386
10 0.931944 0.077135 0.136111 0.154270
10 0.897222 0.246556 0.205556 0.223140
10 0.919444 0.477961 0.161111 0.217631
10 0.931944 0.804408 0.136111 0.231405
10 0.820833 0.621212 0.252778 0.228650
10 0.720833 0.119835 0.263889 0.239669
10 0.325000 0.092287 0.277778 0.184573
10 0.129167 0.163912 0.202778 0.234160
10 0.255556 0.337466 0.222222 0.223140
10 0.070833 0.336088 0.141667 0.258953
10 0.050000 0.769972 0.100000 0.228650
10 0.061111 0.891185 0.122222 0.217631
10 0.276389 0.732782 0.213889 0.258953
10 0.234722 0.836088 0.241667 0.250689
10 0.705556 0.878788 0.183333 0.198347
10 0.654167 0.756198 0.247222 0.239669
10 0.763889 0.942149 0.261111 0.115702
