4 0.498611 0.500000 0.302778 0.311295
10 0.838889 0.575758 0.211111 0.209366
10 0.736111 0.325069 0.216667 0.198347
10 0.351389 0.260331 0.202778 0.239669
10 0.255556 0.597796 0.238889 0.253444
10 0.340278 0.904959 0.180556 0.190083
10 0.473611 0.955923 0.208333 0.088154
10 0.693056 0.917355 0.219444 0.165289
10 0.895833 0.874656 0.208333 0.245179
10 0.680556 0.714876 0.222222 0.223140
10 0.475000 0.764463 0.227778 0.212121
10 0.169444 0.367769 0.211111 0.212121
10 0.086111 0.717631 0.172222 0.239669
10 0.140278 0.913223 0.208333 0.173554
10 0.573611 0.089532 0.225000 0.179063
10 0.751389 0.107438 0.230556 0.214876
10 0.919444 0.392562 0.161111 0.228650
10 0.351389 0.067493 0.219444 0.134986
10 0.937500 0.141873 0.125000 0.201102
10 0.047222 0.228650 0.094444 0.236915
10 0.101389 0.042700 0.202778 0.085399
10 0.029167 0.500000 0.058333 0.184573
10 0.979167 0.615702 0.041667 0.162534
10 0.930556 0.019284 0.138889 0.038567
