4 0.502778 0.500000 0.355556 0.338843
10 0.543056 0.161157 0.247222 0.217631
10 0.681944 0.037190 0.230556 0.074380
10 0.923611 0.088154 0.152778 0.176309
10 0.758333 0.258953 0.205556 0.236915
10 0.820833 0.469697 0.263889 0.234160
10 0.929167 0.833333 0.141667 0.234160
10 0.519444 0.878788 0.216667 0.242424
10 0.279167 0.858127 0.247222 0.283747
10 0.077778 0.825069 0.155556 0.234160
10 0.204167 0.606061 0.247222 0.214876
10 0.201389 0.471074 0.225000 0.242424
10 0.045833 0.517906 0.091667 0.187328
10 0.166667 0.133609 0.216667 0.223140
