5 0.509722 0.480716 0.402778 0.366391
8 0.525000 0.763085 0.044444 0.044077
10 0.120833 0.022039 0.191667 0.044077
10 0.337500 0.012397 0.125000 0.024793
10 0.015278 0.152893 0.030556 0.146006
10 0.084722 0.362259 0.169444 0.228650
10 0.140278 0.168044 0.202778 0.225895
10 0.340278 0.155647 0.230556 0.217631
10 0.250000 0.348485 0.183333 0.289256
10 0.270833 0.637741 0.236111 0.212121
10 0.100000 0.829201 0.200000 0.269972
10 0.315278 0.877410 0.247222 0.217631
10 0.484722 0.944904 0.230556 0.110193
10 0.569444 0.789256 0.227778 0.239669
10 0.680556 0.830579 0.172222 0.256198
10 0.912500 0.910468 0.175000 0.179063
10 0.851389 0.681818 0.236111 0.234160
10 0.780556 0.559229 0.216667 0.220386
10 0.959722 0.537190 0.080556 0.231405
10 0.895833 0.358127 0.208333 0.253444
10 0.740278 0.057851 0.230556 0.115702
10 0.852778 0.114325 0.238889 0.206612
10 0.977778 0.152893 0.044444 0.184573
