8 0.234722 0.235537 0.091667 0.068871
5 0.506944 0.526171 0.375000 0.330579
10 0.088889 0.055096 0.177778 0.110193
10 0.727778 0.084022 0.244444 0.168044
10 0.688889 0.258953 0.238889 0.198347
10 0.256944 0.366391 0.208333 0.203857
10 0.147222 0.523416 0.216667 0.198347
10 0.054167 0.644628 0.108333 0.203857
10 0.090278 0.836088 0.175000 0.206612
10 0.229167 0.818182 0.219444 0.187328
10 0.293056 0.776860 0.208333 0.181818
10 0.301389 0.669421 0.230556 0.236915
10 0.452778 0.943526 0.227778 0.112948
10 0.594444 0.840220 0.161111 0.192837
10 0.941667 0.961433 0.116667 0.077135
10 0.852778 0.877410 0.188889 0.223140
10 0.780556 0.567493 0.161111 0.264463
10 0.920833 0.520661 0.158333 0.253444
