5 0.505556 0.509642 0.350000 0.391185
10 0.177778 0.075758 0.205556 0.151515
10 0.087500 0.221763 0.175000 0.245179
10 0.304167 0.269972 0.269444 0.121212
10 0.683333 0.027548 0.205556 0.055096
10 0.729167 0.239669 0.208333 0.176309
10 0.770833 0.425620 0.202778 0.217631
10 0.943056 0.125344 0.113889 0.212121
10 0.080556 0.557851 0.161111 0.201102
10 0.036111 0.741047 0.072222 0.154270
10 0.065278 0.808540 0.130556 0.195592
10 0.111111 0.840220 0.133333 0.181818
10 0.327778 0.904959 0.205556 0.190083
10 0.581944 0.929752 0.213889 0.140496
10 0.883333 0.699725 0.233333 0.203857
10 0.981944 0.825069 0.036111 0.146006
10 0.888889 0.889807 0.188889 0.176309
8 0.130556 0.975207 0.138889 0.049587
