5 0.509722 0.502755 0.469444 0.443526
10 0.051389 0.100551 0.102778 0.201102
10 0.095833 0.429752 0.191667 0.247934
10 0.245833 0.294766 0.202778 0.225895
10 0.748611 0.232782 0.291667 0.239669
10 0.791667 0.060606 0.261111 0.121212
10 0.968056 0.046832 0.063889 0.093664
10 0.991667 0.303030 0.016667 0.104683
10 0.891667 0.410468 0.216667 0.187328
10 0.972222 0.563361 0.055556 0.173554
10 0.836111 0.707989 0.266667 0.220386
10 0.883333 0.977961 0.216667 0.044077
10 0.606944 0.847107 0.252778 0.184573
10 0.601389 0.951791 0.230556 0.096419
10 0.343056 0.940771 0.225000 0.118457
10 0.095833 0.975207 0.186111 0.049587
10 0.054167 0.818182 0.108333 0.198347
10 0.019444 0.607438 0.038889 0.140496
10 0.170833 0.720386 0.208333 0.212121
10 0.240278 0.674931 0.175000 0.170799
