5 0.504167 0.512397 0.319444 0.358127
8 0.130556 0.644628 0.077778 0.077135
10 0.179167 0.064738 0.252778 0.129477
10 0.034722 0.280992 0.069444 0.253444
10 0.119444 0.338843 0.205556 0.225895
10 0.319444 0.304408 0.238889 0.245179
10 0.263889 0.512397 0.211111 0.236915
10 0.051389 0.644628 0.102778 0.247934
10 0.072222 0.851240 0.144444 0.192837
10 0.223611 0.782369 0.191667 0.165289
10 0.316667 0.699725 0.255556 0.220386
10 0.275000 0.931129 0.244444 0.137741
10 0.438889 0.888430 0.238889 0.195592
10 0.777778 0.932507 0.222222 0.134986
10 0.693056 0.696970 0.247222 0.214876
10 0.925000 0.665289 0.150000 0.234160
10 0.952778 0.578512 0.094444 0.214876
10 0.933333 0.231405 0.133333 0.209366
10 0.961111 0.107438 0.077778 0.214876
