8 0.572222 0.206612 0.183333 0.192837
8 0.133333 0.617080 0.266667 0.319559
5 0.501389 0.494490 0.319444 0.338843
10 0.088889 0.090909 0.177778 0.181818
10 0.480556 0.041322 0.250000 0.082645
10 0.684722 0.019284 0.130556 0.038567
10 0.886111 0.242424 0.205556 0.187328
10 0.802778 0.524793 0.233333 0.184573
10 0.970833 0.634986 0.058333 0.179063
10 0.351389 0.646006 0.186111 0.184573
10 0.486111 0.805785 0.177778 0.223140
10 0.670833 0.702479 0.225000 0.181818
10 0.905556 0.920110 0.183333 0.159780
10 0.447222 0.973829 0.200000 0.052342
10 0.211111 0.928375 0.188889 0.143251
10 0.059722 0.944904 0.119444 0.110193
8 0.397222 0.276860 0.050000 0.057851
