8 0.301389 0.367769 0.108333 0.118457
5 0.506944 0.501377 0.380556 0.369146
10 0.773611 0.013774 0.302778 0.027548
10 0.336111 0.017906 0.105556 0.035813
10 0.108333 0.300275 0.216667 0.275482
10 0.687500 0.268595 0.175000 0.239669
10 0.765278 0.292011 0.197222 0.247934
10 0.894444 0.447658 0.211111 0.234160
10 0.938889 0.524793 0.122222 0.245179
10 0.763889 0.855372 0.250000 0.201102
10 0.066667 0.932507 0.133333 0.134986
10 0.229167 0.909091 0.186111 0.181818
10 0.351389 0.915978 0.158333 0.157025
10 0.709722 0.986226 0.113889 0.027548
