5 0.497222 0.502755 0.438889 0.333333
8 0.963889 0.502755 0.066667 0.085399
8 0.411111 0.673554 0.077778 0.046832
10 0.034722 0.183196 0.069444 0.228650
10 0.175000 0.122590 0.255556 0.223140
10 0.252778 0.304408 0.222222 0.228650
10 0.045833 0.560606 0.091667 0.234160
10 0.165278 0.595041 0.269444 0.247934
10 0.234722 0.844353 0.197222 0.206612
10 0.340278 0.814050 0.197222 0.223140
10 0.551389 0.745179 0.258333 0.245179
10 0.265278 0.976584 0.230556 0.046832
10 0.770833 0.612948 0.219444 0.250689
10 0.801389 0.436639 0.219444 0.201102
10 0.676389 0.100551 0.247222 0.201102
10 0.895833 0.152893 0.208333 0.228650
10 0.977778 0.279614 0.044444 0.195592
10 0.866667 0.888430 0.244444 0.223140
10 0.922222 0.732782 0.155556 0.275482
