10 0.109722 0.034435 0.213889 0.068871
10 0.094444 0.311295 0.188889 0.214876
10 0.411111 0.121212 0.227778 0.220386
10 0.636111 0.279614 0.211111 0.223140
10 0.688889 0.201102 0.155556 0.176309
10 0.954167 0.026171 0.080556 0.052342
10 0.936111 0.157025 0.127778 0.225895
10 0.858333 0.363636 0.250000 0.209366
10 0.948611 0.687328 0.102778 0.250689
10 0.906944 0.949036 0.186111 0.101928
10 0.716667 0.793388 0.244444 0.220386
10 0.147222 0.641873 0.194444 0.220386
10 0.047222 0.811295 0.094444 0.250689
10 0.177778 0.915978 0.277778 0.168044
10 0.451389 0.893939 0.275000 0.201102
8 0.350000 0.782369 0.066667 0.071625
8 0.262500 0.809917 0.058333 0.066116
8 0.266667 0.202479 0.100000 0.118457
8 0.386111 0.385675 0.061111 0.082645
5 0.508333 0.563361 0.400000 0.371901
