5 0.495833 0.534435 0.391667 0.369146
10 0.802778 0.276860 0.227778 0.206612
10 0.937500 0.042700 0.113889 0.079890
10 0.777778 0.030303 0.138889 0.060606
10 0.586111 0.061983 0.194444 0.123967
10 0.265278 0.028926 0.197222 0.057851
10 0.045833 0.059229 0.091667 0.118457
10 0.030556 0.239669 0.061111 0.192837
10 0.195833 0.140496 0.225000 0.159780
10 0.216667 0.377410 0.166667 0.275482
10 0.362500 0.268595 0.269444 0.217631
10 0.058333 0.537190 0.116667 0.187328
10 0.052778 0.831956 0.105556 0.231405
10 0.050000 0.990358 0.100000 0.019284
10 0.315278 0.973829 0.163889 0.052342
10 0.281944 0.758953 0.202778 0.223140
10 0.484722 0.863636 0.213889 0.201102
10 0.702778 0.819559 0.194444 0.212121
10 0.906944 0.651515 0.186111 0.184573
10 0.801389 0.487603 0.191667 0.159780
10 0.940278 0.399449 0.119444 0.187328
