2 0.493056 0.533058 0.575000 0.465565
8 0.876389 0.245179 0.063889 0.093664
8 0.963889 0.241047 0.066667 0.068871
10 0.075000 0.070248 0.150000 0.140496
10 0.051389 0.245179 0.102778 0.187328
10 0.183333 0.367769 0.211111 0.217631
10 0.079167 0.560606 0.158333 0.212121
10 0.181944 0.736915 0.208333 0.223140
10 0.272222 0.873278 0.233333 0.253444
10 0.516667 0.906336 0.194444 0.187328
10 0.029167 0.742424 0.058333 0.179063
10 0.026389 0.955923 0.052778 0.088154
10 0.697222 0.786501 0.200000 0.195592
10 0.843056 0.940771 0.236111 0.118457
10 0.954167 0.812672 0.091667 0.170799
10 0.870833 0.670799 0.163889 0.173554
10 0.847222 0.425620 0.211111 0.217631
10 0.976389 0.353994 0.047222 0.212121
10 0.876389 0.050964 0.208333 0.101928
10 0.623611 0.048209 0.219444 0.096419
10 0.736111 0.184573 0.211111 0.225895
10 0.491667 0.209366 0.216667 0.209366
10 0.283333 0.125344 0.222222 0.201102
