6 0.505556 0.524793 0.455556 0.526171
8 0.280556 0.564738 0.044444 0.049587
8 0.502778 0.239669 0.083333 0.055096
10 0.951389 0.095041 0.097222 0.190083
10 0.698611 0.066116 0.236111 0.132231
10 0.469444 0.103306 0.211111 0.206612
10 0.287500 0.132231 0.158333 0.231405
10 0.115278 0.046832 0.230556 0.093664
10 0.098611 0.239669 0.197222 0.209366
10 0.029167 0.472452 0.058333 0.157025
10 0.161111 0.559229 0.205556 0.231405
10 0.051389 0.753444 0.102778 0.217631
10 0.970833 0.309917 0.058333 0.195592
10 0.870833 0.403581 0.191667 0.228650
10 0.744444 0.235537 0.233333 0.212121
10 0.793056 0.546832 0.186111 0.228650
10 0.954167 0.555096 0.091667 0.245179
10 0.851389 0.719008 0.202778 0.192837
10 0.722222 0.935262 0.205556 0.129477
10 0.580556 0.895317 0.227778 0.209366
10 0.358333 0.944904 0.188889 0.110193
