6 0.493056 0.497245 0.352778 0.614325
10 0.552778 0.067493 0.216667 0.134986
10 0.762500 0.129477 0.263889 0.220386
10 0.104167 0.064738 0.158333 0.129477
10 0.201389 0.232782 0.208333 0.201102
10 0.147222 0.440771 0.216667 0.220386
10 0.063889 0.367769 0.127778 0.206612
10 0.195833 0.787879 0.186111 0.214876
10 0.200000 0.965565 0.150000 0.068871
10 0.341667 0.939394 0.155556 0.121212
10 0.540278 0.949036 0.163889 0.101928
10 0.777778 0.882920 0.244444 0.217631
10 0.980556 0.946281 0.038889 0.107438
10 0.983333 0.586777 0.033333 0.099174
10 0.883333 0.476584 0.233333 0.198347
10 0.858333 0.367769 0.161111 0.162534
