6 0.501389 0.501377 0.475000 0.473829
10 0.084722 0.093664 0.169444 0.187328
10 0.254167 0.034435 0.202778 0.068871
10 0.515278 0.028926 0.202778 0.057851
10 0.769444 0.052342 0.222222 0.104683
10 0.811111 0.241047 0.216667 0.195592
10 0.973611 0.358127 0.052778 0.165289
10 0.969444 0.471074 0.061111 0.137741
10 0.945833 0.684573 0.108333 0.173554
10 0.777778 0.752066 0.161111 0.181818
10 0.658333 0.772727 0.166667 0.206612
10 0.872222 0.917355 0.238889 0.165289
10 0.587500 0.924242 0.213889 0.151515
10 0.366667 0.932507 0.194444 0.134986
10 0.151389 0.958678 0.180556 0.082645
10 0.015278 0.962810 0.030556 0.074380
10 0.129167 0.782369 0.219444 0.203857
10 0.330556 0.758953 0.233333 0.201102
10 0.191667 0.542700 0.161111 0.198347
10 0.061111 0.619835 0.122222 0.203857
10 0.055556 0.371901 0.111111 0.187328
