6 0.498611 0.498623 0.380556 0.402204
10 0.952778 0.089532 0.094444 0.179063
10 0.779167 0.055096 0.186111 0.110193
10 0.550000 0.027548 0.155556 0.055096
10 0.326389 0.027548 0.175000 0.055096
10 0.030556 0.088154 0.061111 0.176309
10 0.120833 0.279614 0.197222 0.201102
10 0.354167 0.217631 0.208333 0.203857
10 0.773611 0.301653 0.225000 0.212121
10 0.987500 0.307163 0.025000 0.157025
10 0.791667 0.590909 0.188889 0.239669
10 0.958333 0.622590 0.083333 0.220386
10 0.937500 0.960055 0.125000 0.079890
10 0.555556 0.814050 0.222222 0.179063
10 0.465278 0.947658 0.202778 0.104683
10 0.186111 0.818182 0.250000 0.198347
10 0.190278 0.567493 0.197222 0.203857
