6 0.504167 0.527548 0.536111 0.559229
8 0.481944 0.117080 0.080556 0.079890
8 0.765278 0.201102 0.086111 0.099174
8 0.055556 0.589532 0.111111 0.121212
10 0.140278 0.033058 0.180556 0.066116
10 0.452778 0.096419 0.200000 0.192837
10 0.587500 0.199725 0.236111 0.228650
10 0.709722 0.296143 0.258333 0.201102
10 0.800000 0.117080 0.216667 0.190083
10 0.823611 0.037190 0.169444 0.074380
10 0.959722 0.238292 0.080556 0.234160
10 0.919444 0.305785 0.161111 0.220386
10 0.680556 0.658402 0.166667 0.214876
10 0.884722 0.661157 0.230556 0.247934
10 0.894444 0.567493 0.211111 0.181818
10 0.950000 0.786501 0.100000 0.206612
10 0.854167 0.902204 0.263889 0.195592
10 0.700000 0.983471 0.094444 0.033058
10 0.566667 0.891185 0.200000 0.217631
10 0.644444 0.841598 0.211111 0.179063
10 0.273611 0.663912 0.202778 0.214876
10 0.104167 0.738292 0.197222 0.236915
10 0.109722 0.444904 0.219444 0.217631
10 0.172222 0.348485 0.166667 0.179063
