6 0.493056 0.488981 0.508333 0.509642
8 0.645833 0.776860 0.125000 0.115702
8 0.713889 0.899449 0.094444 0.085399
10 0.100000 0.088154 0.200000 0.176309
10 0.209722 0.057851 0.197222 0.115702
10 0.477778 0.053719 0.205556 0.107438
10 0.716667 0.165289 0.194444 0.192837
10 0.858333 0.409091 0.188889 0.228650
10 0.915278 0.523416 0.169444 0.236915
10 0.806944 0.745179 0.186111 0.223140
10 0.937500 0.876033 0.125000 0.176309
10 0.537500 0.960055 0.180556 0.079890
10 0.427778 0.848485 0.200000 0.176309
10 0.176389 0.976584 0.147222 0.046832
10 0.019444 0.980716 0.038889 0.038567
10 0.227778 0.685950 0.205556 0.181818
10 0.059722 0.749311 0.119444 0.214876
10 0.122222 0.442149 0.188889 0.184573
10 0.231944 0.243802 0.175000 0.206612
10 0.038889 0.279614 0.077778 0.184573
10 0.012500 0.548209 0.025000 0.082645
