6 0.498611 0.500000 0.436111 0.426997
10 0.363889 0.125344 0.222222 0.162534
10 0.554167 0.046832 0.186111 0.093664
10 0.804167 0.073003 0.241667 0.146006
10 0.247222 0.315427 0.222222 0.195592
10 0.030556 0.374656 0.061111 0.176309
10 0.263889 0.717631 0.222222 0.206612
10 0.068056 0.745179 0.136111 0.223140
10 0.063889 0.944904 0.127778 0.110193
10 0.512500 0.834711 0.202778 0.203857
10 0.736111 0.757576 0.205556 0.242424
10 0.905556 0.902204 0.188889 0.195592
10 0.930556 0.615702 0.138889 0.195592
10 0.856944 0.391185 0.241667 0.220386
