6 0.497222 0.498623 0.361111 0.396694
10 0.034722 0.134986 0.069444 0.198347
10 0.193056 0.219008 0.163889 0.195592
10 0.230556 0.380165 0.161111 0.165289
10 0.193056 0.100551 0.180556 0.173554
10 0.491667 0.030303 0.166667 0.060606
10 0.627778 0.141873 0.200000 0.184573
10 0.930556 0.099174 0.138889 0.187328
10 0.806944 0.524793 0.191667 0.195592
10 0.976389 0.706612 0.047222 0.157025
10 0.748611 0.706612 0.197222 0.195592
10 0.837500 0.811295 0.219444 0.212121
10 0.959722 0.965565 0.080556 0.068871
10 0.797222 0.979339 0.138889 0.041322
10 0.569444 0.906336 0.200000 0.187328
10 0.322222 0.979339 0.116667 0.041322
10 0.062500 0.909091 0.125000 0.181818
10 0.068056 0.720386 0.136111 0.162534
10 0.275000 0.692837 0.188889 0.173554
10 0.148611 0.548209 0.202778 0.170799
