6 0.506944 0.502755 0.380556 0.509642
10 0.976389 0.030303 0.047222 0.060606
10 0.934722 0.267218 0.130556 0.203857
10 0.401389 0.110193 0.186111 0.137741
10 0.334722 0.038567 0.158333 0.077135
10 0.251389 0.063361 0.158333 0.126722
10 0.086111 0.027548 0.105556 0.055096
10 0.077778 0.206612 0.155556 0.159780
10 0.256944 0.254821 0.175000 0.173554
10 0.173611 0.406336 0.180556 0.195592
10 0.045833 0.672176 0.091667 0.181818
10 0.080556 0.618457 0.138889 0.140496
10 0.205556 0.637741 0.188889 0.190083
10 0.293056 0.807163 0.169444 0.187328
10 0.230556 0.964187 0.161111 0.071625
10 0.400000 0.932507 0.138889 0.134986
10 0.511111 0.947658 0.150000 0.104683
10 0.850000 0.896694 0.166667 0.206612
10 0.955556 0.790634 0.088889 0.176309
10 0.943056 0.585399 0.113889 0.201102
10 0.815278 0.482094 0.208333 0.176309
10 0.833333 0.699725 0.177778 0.170799
10 0.726389 0.760331 0.186111 0.187328
