6 0.495833 0.498623 0.486111 0.429752
8 0.177778 0.407713 0.050000 0.055096
10 0.850000 0.022039 0.150000 0.044077
10 0.687500 0.035813 0.197222 0.049587
10 0.415278 0.052342 0.169444 0.104683
10 0.187500 0.027548 0.141667 0.055096
10 0.075000 0.201102 0.150000 0.214876
10 0.215278 0.252066 0.169444 0.190083
10 0.408333 0.214876 0.155556 0.170799
10 0.625000 0.209366 0.200000 0.176309
10 0.716667 0.297521 0.177778 0.170799
10 0.876389 0.161157 0.230556 0.201102
10 0.868056 0.471074 0.186111 0.181818
10 0.791667 0.663912 0.205556 0.214876
10 0.940278 0.947658 0.119444 0.104683
10 0.761111 0.888430 0.266667 0.223140
10 0.675000 0.977961 0.105556 0.044077
10 0.559722 0.914601 0.252778 0.170799
10 0.427778 0.953168 0.194444 0.093664
10 0.208333 0.906336 0.216667 0.187328
10 0.026389 0.904959 0.052778 0.190083
10 0.191667 0.683196 0.183333 0.165289
10 0.065278 0.586777 0.130556 0.176309
10 0.098611 0.495868 0.197222 0.165289
