6 0.531421 0.487805 0.418033 0.422764
10 0.154372 0.100271 0.210383 0.200542
10 0.528689 0.040650 0.188525 0.081301
10 0.681694 0.090786 0.215847 0.181572
10 0.911202 0.056911 0.177596 0.113821
10 0.913934 0.250678 0.172131 0.203252
10 0.411202 0.192412 0.275956 0.216802
10 0.051913 0.276423 0.103825 0.205962
10 0.224044 0.402439 0.207650 0.219512
10 0.050546 0.666667 0.101093 0.195122
10 0.284153 0.697832 0.202186 0.197832
10 0.062842 0.899729 0.125683 0.200542
10 0.267760 0.911924 0.224044 0.176152
10 0.546448 0.810298 0.224044 0.216802
10 0.784153 0.796748 0.224044 0.243902
10 0.980874 0.861789 0.038251 0.130081
10 0.969945 0.669377 0.060109 0.173442
10 0.983607 0.451220 0.032787 0.138211
10 0.846995 0.487805 0.202186 0.227642
