6 0.509722 0.502755 0.397222 0.399449
8 0.777778 0.672176 0.072222 0.060606
10 0.197222 0.111570 0.211111 0.217631
10 0.415278 0.107438 0.197222 0.214876
10 0.940278 0.125344 0.119444 0.179063
10 0.852778 0.303030 0.227778 0.203857
10 0.959722 0.380165 0.080556 0.198347
10 0.963889 0.676309 0.072222 0.201102
10 0.936111 0.922865 0.127778 0.154270
10 0.820833 0.797521 0.163889 0.168044
10 0.686111 0.906336 0.233333 0.187328
10 0.508333 0.819559 0.188889 0.173554
10 0.215278 0.803030 0.186111 0.157025
10 0.161111 0.589532 0.200000 0.170799
10 0.037500 0.480716 0.075000 0.173554
10 0.055556 0.734160 0.111111 0.179063
10 0.023611 0.964187 0.047222 0.071625
