6 0.487500 0.493113 0.386111 0.501377
10 0.901389 0.125344 0.197222 0.212121
10 0.715278 0.205234 0.247222 0.151515
10 0.558333 0.108815 0.166667 0.146006
10 0.579167 0.034435 0.163889 0.068871
10 0.173611 0.081267 0.241667 0.162534
10 0.034722 0.256198 0.069444 0.203857
10 0.156944 0.422865 0.225000 0.217631
10 0.044444 0.559229 0.088889 0.231405
10 0.173611 0.641873 0.208333 0.192837
10 0.054167 0.933884 0.108333 0.132231
10 0.244444 0.877410 0.238889 0.212121
10 0.412500 0.962810 0.163889 0.074380
10 0.654167 0.965565 0.208333 0.068871
10 0.902778 0.969697 0.194444 0.060606
10 0.815278 0.833333 0.191667 0.195592
10 0.651389 0.823691 0.180556 0.209366
10 0.502778 0.845730 0.200000 0.181818
10 0.744444 0.654270 0.200000 0.223140
10 0.947222 0.811295 0.105556 0.245179
10 0.970833 0.713499 0.058333 0.159780
10 0.900000 0.575758 0.183333 0.198347
10 0.879167 0.353994 0.163889 0.206612
10 0.954167 0.315427 0.091667 0.206612
