6 0.497222 0.504132 0.505556 0.567493
10 0.948611 0.059229 0.102778 0.118457
10 0.930556 0.336088 0.138889 0.176309
10 0.916667 0.484848 0.166667 0.198347
10 0.825000 0.561983 0.205556 0.198347
10 0.769444 0.269972 0.200000 0.220386
10 0.579167 0.170799 0.213889 0.203857
10 0.280556 0.077135 0.222222 0.154270
10 0.195833 0.168044 0.175000 0.198347
10 0.069444 0.090909 0.138889 0.181818
10 0.072222 0.363636 0.144444 0.231405
10 0.036111 0.455923 0.072222 0.217631
10 0.248611 0.444904 0.230556 0.212121
10 0.211111 0.695592 0.183333 0.217631
10 0.316667 0.779614 0.238889 0.209366
10 0.072222 0.825069 0.144444 0.179063
10 0.111111 0.961433 0.183333 0.077135
10 0.350000 0.955923 0.211111 0.088154
10 0.545833 0.851240 0.247222 0.209366
10 0.723611 0.892562 0.269444 0.159780
10 0.808333 0.796143 0.216667 0.214876
10 0.906944 0.938017 0.186111 0.123967
