6 0.498611 0.497245 0.380556 0.377410
10 0.956944 0.066116 0.086111 0.132231
10 0.790278 0.068871 0.208333 0.137741
10 0.904167 0.236915 0.191667 0.181818
10 0.804167 0.409091 0.213889 0.195592
10 0.816667 0.625344 0.194444 0.192837
10 0.968056 0.701102 0.063889 0.195592
10 0.940278 0.790634 0.119444 0.198347
10 0.962500 0.960055 0.075000 0.079890
10 0.801389 0.939394 0.186111 0.121212
10 0.690278 0.800275 0.202778 0.212121
10 0.605556 0.949036 0.194444 0.101928
10 0.361111 0.961433 0.194444 0.077135
10 0.222222 0.918733 0.211111 0.162534
10 0.065278 0.977961 0.130556 0.044077
10 0.029167 0.862259 0.058333 0.165289
10 0.131944 0.731405 0.225000 0.201102
10 0.395833 0.803030 0.202778 0.190083
10 0.222222 0.570248 0.183333 0.214876
10 0.072222 0.432507 0.144444 0.214876
10 0.247222 0.349862 0.216667 0.148760
10 0.025000 0.257576 0.050000 0.134986
10 0.019444 0.136364 0.038889 0.123967
10 0.102778 0.060606 0.172222 0.121212
10 0.266667 0.146006 0.177778 0.214876
10 0.468056 0.205234 0.186111 0.184573
10 0.665278 0.224518 0.191667 0.206612
10 0.565278 0.070248 0.191667 0.140496
