6 0.502778 0.505510 0.400000 0.476584
8 0.969444 0.082645 0.061111 0.055096
10 0.365278 0.084022 0.197222 0.168044
10 0.758333 0.064738 0.188889 0.129477
10 0.936111 0.022039 0.127778 0.044077
10 0.761111 0.276860 0.194444 0.234160
10 0.155556 0.163912 0.222222 0.179063
10 0.075000 0.212121 0.150000 0.198347
10 0.204167 0.376033 0.225000 0.195592
10 0.138889 0.601928 0.188889 0.201102
10 0.300000 0.925620 0.166667 0.148760
10 0.529167 0.979339 0.136111 0.041322
10 0.861111 0.965565 0.150000 0.068871
10 0.965278 0.847107 0.069444 0.173554
10 0.536111 0.800275 0.183333 0.195592
10 0.754167 0.622590 0.186111 0.192837
10 0.936111 0.560606 0.127778 0.173554
10 0.970833 0.349862 0.058333 0.165289
