6 0.498611 0.520661 0.469444 0.468320
10 0.198611 0.207989 0.191667 0.195592
10 0.323611 0.190083 0.219444 0.214876
10 0.505556 0.122590 0.222222 0.223140
10 0.394444 0.035813 0.150000 0.071625
10 0.019444 0.023416 0.038889 0.046832
10 0.030556 0.247934 0.061111 0.176309
10 0.106944 0.376033 0.202778 0.201102
10 0.168056 0.581267 0.191667 0.225895
10 0.045833 0.691460 0.091667 0.176309
10 0.166667 0.754821 0.211111 0.203857
10 0.038889 0.865014 0.077778 0.187328
10 0.048611 0.977961 0.097222 0.044077
10 0.168056 0.973829 0.152778 0.052342
10 0.356944 0.950413 0.147222 0.099174
10 0.525000 0.936639 0.183333 0.126722
10 0.709722 0.973829 0.175000 0.052342
10 0.819444 0.928375 0.227778 0.143251
10 0.656944 0.809917 0.202778 0.203857
10 0.843056 0.741047 0.213889 0.198347
10 0.963889 0.863636 0.072222 0.223140
10 0.884722 0.530303 0.219444 0.234160
10 0.858333 0.388430 0.161111 0.198347
10 0.980556 0.421488 0.038889 0.110193
