6 0.504167 0.502755 0.297222 0.311295
8 0.747222 0.530303 0.088889 0.079890
10 0.120833 0.148760 0.175000 0.225895
10 0.072222 0.117080 0.144444 0.206612
10 0.340278 0.123967 0.236111 0.209366
10 0.406944 0.015152 0.086111 0.030303
10 0.600000 0.108815 0.255556 0.217631
10 0.911111 0.034435 0.177778 0.068871
10 0.898611 0.187328 0.202778 0.198347
10 0.723611 0.296143 0.213889 0.217631
10 0.868056 0.444904 0.213889 0.212121
10 0.916667 0.730028 0.166667 0.280992
10 0.736111 0.655647 0.205556 0.220386
10 0.645833 0.925620 0.236111 0.148760
10 0.906944 0.984848 0.130556 0.030303
10 0.443056 0.986226 0.113889 0.027548
10 0.462500 0.837466 0.213889 0.209366
10 0.265278 0.936639 0.213889 0.126722
10 0.069444 0.935262 0.138889 0.129477
10 0.240278 0.745179 0.230556 0.245179
10 0.202778 0.589532 0.188889 0.225895
10 0.108333 0.552342 0.183333 0.217631
10 0.023611 0.674931 0.047222 0.154270
10 0.227778 0.356749 0.222222 0.206612
