7 0.505556 0.498623 0.583333 0.462810
8 0.797222 0.027548 0.083333 0.055096
10 0.826389 0.187328 0.186111 0.203857
10 0.730556 0.209366 0.211111 0.170799
10 0.909722 0.362259 0.180556 0.184573
10 0.906944 0.563361 0.186111 0.206612
10 0.816667 0.730028 0.205556 0.181818
10 0.800000 0.881543 0.233333 0.236915
10 0.677778 0.742424 0.188889 0.201102
10 0.506944 0.903581 0.241667 0.192837
10 0.522222 0.811295 0.266667 0.201102
10 0.301389 0.690083 0.258333 0.223140
10 0.166667 0.834711 0.227778 0.214876
10 0.098611 0.714876 0.197222 0.195592
10 0.137500 0.520661 0.202778 0.192837
10 0.045833 0.369146 0.091667 0.225895
10 0.223611 0.314050 0.202778 0.214876
10 0.220833 0.196970 0.213889 0.162534
10 0.172222 0.053719 0.188889 0.107438
10 0.479167 0.085399 0.252778 0.170799
10 0.425000 0.033058 0.194444 0.066116
10 0.930556 0.026171 0.138889 0.052342
