7 0.498611 0.530303 0.530556 0.404959
8 0.420833 0.298898 0.102778 0.096419
10 0.381944 0.092287 0.225000 0.184573
10 0.354167 0.042700 0.252778 0.085399
10 0.918056 0.096419 0.163889 0.192837
10 0.793056 0.268595 0.219444 0.190083
10 0.816667 0.449036 0.233333 0.231405
10 0.940278 0.316804 0.119444 0.225895
10 0.154167 0.484848 0.219444 0.231405
10 0.100000 0.207989 0.200000 0.195592
10 0.216667 0.705234 0.222222 0.269972
10 0.130556 0.760331 0.200000 0.236915
10 0.750000 0.758953 0.211111 0.206612
10 0.838889 0.914601 0.244444 0.170799
10 0.597222 0.964187 0.205556 0.071625
10 0.256944 0.946281 0.197222 0.107438
8 0.770833 0.611570 0.080556 0.071625
