7 0.500000 0.515152 0.416667 0.446281
8 0.955556 0.053719 0.088889 0.107438
10 0.925000 0.296143 0.150000 0.212121
10 0.701389 0.067493 0.236111 0.134986
10 0.488889 0.026171 0.188889 0.052342
10 0.033333 0.334711 0.066667 0.201102
10 0.066667 0.546832 0.133333 0.217631
10 0.429167 0.782369 0.175000 0.187328
10 0.718056 0.834711 0.213889 0.203857
10 0.900000 0.743802 0.200000 0.236915
10 0.919444 0.939394 0.161111 0.121212
10 0.769444 0.472452 0.177778 0.212121
10 0.697222 0.282369 0.216667 0.272727
