7 0.500000 0.500000 0.388889 0.366391
8 0.836111 0.312672 0.061111 0.068871
8 0.623611 0.949036 0.063889 0.063361
10 0.751389 0.691460 0.252778 0.225895
10 0.906944 0.539945 0.186111 0.203857
10 0.958333 0.312672 0.083333 0.223140
10 0.754167 0.195592 0.191667 0.187328
10 0.668056 0.053719 0.208333 0.107438
10 0.325000 0.165289 0.255556 0.231405
10 0.129167 0.296143 0.213889 0.206612
10 0.250000 0.464187 0.177778 0.223140
10 0.077778 0.527548 0.155556 0.206612
10 0.154167 0.736915 0.219444 0.212121
10 0.534722 0.822314 0.213889 0.212121
10 0.913889 0.837466 0.172222 0.231405
10 0.947222 0.035813 0.105556 0.071625
