7 0.495833 0.495868 0.491667 0.468320
8 0.137500 0.571625 0.091667 0.101928
10 0.255556 0.228650 0.255556 0.253444
10 0.091667 0.092287 0.183333 0.184573
10 0.266667 0.039945 0.200000 0.079890
10 0.594444 0.081267 0.211111 0.162534
10 0.811111 0.081267 0.200000 0.162534
10 0.956944 0.144628 0.086111 0.223140
10 0.783333 0.260331 0.238889 0.234160
10 0.927778 0.424242 0.144444 0.203857
10 0.795833 0.626722 0.191667 0.212121
10 0.902778 0.593664 0.194444 0.217631
10 0.958333 0.798898 0.083333 0.242424
10 0.784722 0.884298 0.219444 0.231405
10 0.434722 0.878788 0.230556 0.209366
10 0.554167 0.849862 0.219444 0.223140
10 0.101389 0.713499 0.197222 0.192837
10 0.041667 0.442149 0.083333 0.201102
10 0.227778 0.690083 0.177778 0.195592
10 0.245833 0.876033 0.202778 0.192837
10 0.050000 0.953168 0.100000 0.093664
