7 0.505556 0.500000 0.455556 0.465565
8 0.630556 0.037190 0.077778 0.068871
8 0.105556 0.191460 0.072222 0.068871
8 0.087500 0.513774 0.058333 0.079890
8 0.026389 0.629477 0.052778 0.079890
10 0.816667 0.365014 0.211111 0.212121
10 0.958333 0.287879 0.083333 0.217631
10 0.893056 0.749311 0.158333 0.264463
10 0.936111 0.776860 0.127778 0.203857
10 0.700000 0.889807 0.250000 0.220386
10 0.341667 0.856749 0.233333 0.220386
10 0.272222 0.785124 0.205556 0.203857
10 0.077778 0.754821 0.155556 0.203857
10 0.204167 0.483471 0.191667 0.190083
10 0.079167 0.286501 0.158333 0.220386
10 0.566667 0.166667 0.211111 0.228650
10 0.273611 0.044077 0.275000 0.088154
8 0.937500 0.469697 0.091667 0.057851
