7 0.504167 0.523416 0.391667 0.385675
10 0.461111 0.241047 0.216667 0.184573
10 0.655556 0.071625 0.227778 0.143251
10 0.500000 0.056474 0.166667 0.112948
10 0.316667 0.046832 0.205556 0.093664
10 0.111111 0.067493 0.216667 0.134986
10 0.047222 0.173554 0.094444 0.192837
10 0.061111 0.352617 0.122222 0.198347
10 0.081944 0.816804 0.163889 0.245179
10 0.297222 0.732782 0.222222 0.203857
10 0.263889 0.426997 0.155556 0.225895
10 0.280556 0.331956 0.177778 0.179063
10 0.238889 0.300275 0.177778 0.225895
10 0.122222 0.276860 0.083333 0.157025
10 0.930556 0.447658 0.138889 0.190083
10 0.918056 0.636364 0.163889 0.192837
10 0.768056 0.830579 0.197222 0.223140
10 0.716667 0.745179 0.216667 0.190083
10 0.927778 0.871901 0.144444 0.256198
10 0.515278 0.793388 0.208333 0.192837
10 0.541667 0.911846 0.205556 0.176309
10 0.938889 0.245179 0.122222 0.203857
10 0.863889 0.066116 0.205556 0.132231
10 0.979167 0.074380 0.041667 0.137741
