7 0.498611 0.502755 0.508333 0.526171
8 0.227778 0.566116 0.066667 0.079890
8 0.120833 0.639118 0.108333 0.104683
10 0.188889 0.315427 0.205556 0.217631
10 0.091667 0.194215 0.183333 0.217631
10 0.313889 0.123967 0.233333 0.209366
10 0.579167 0.052342 0.197222 0.104683
10 0.797222 0.078512 0.255556 0.157025
10 0.965278 0.088154 0.069444 0.176309
10 0.947222 0.327824 0.105556 0.247934
10 0.791667 0.289256 0.200000 0.225895
10 0.827778 0.643251 0.205556 0.223140
10 0.722222 0.938017 0.211111 0.123967
10 0.918056 0.962810 0.163889 0.074380
10 0.591667 0.812672 0.216667 0.203857
10 0.381944 0.874656 0.197222 0.201102
10 0.226389 0.723140 0.213889 0.179063
10 0.125000 0.910468 0.205556 0.179063
