7 0.501389 0.530303 0.425000 0.432507
10 0.795833 0.537190 0.208333 0.209366
10 0.901389 0.370523 0.197222 0.201102
10 0.945833 0.623967 0.108333 0.212121
10 0.895833 0.173554 0.208333 0.198347
10 0.784722 0.044077 0.208333 0.088154
10 0.427778 0.089532 0.216667 0.179063
10 0.068056 0.067493 0.136111 0.134986
10 0.158333 0.192837 0.211111 0.187328
10 0.352778 0.271350 0.205556 0.190083
10 0.109722 0.382920 0.219444 0.220386
10 0.619444 0.871901 0.233333 0.234160
10 0.181944 0.874656 0.219444 0.201102
10 0.150000 0.931129 0.238889 0.137741
