7 0.498611 0.504132 0.430556 0.374656
8 0.215278 0.373278 0.113889 0.107438
8 0.834722 0.881543 0.086111 0.093664
10 0.923611 0.263085 0.152778 0.212121
10 0.565278 0.050964 0.213889 0.101928
10 0.361111 0.077135 0.194444 0.154270
10 0.090278 0.060606 0.180556 0.121212
10 0.038889 0.245179 0.077778 0.192837
10 0.188889 0.541322 0.188889 0.190083
10 0.031944 0.640496 0.063889 0.184573
10 0.194444 0.774105 0.205556 0.209366
10 0.479167 0.920110 0.197222 0.159780
10 0.693056 0.878788 0.180556 0.214876
10 0.787500 0.658402 0.202778 0.181818
10 0.848611 0.447658 0.225000 0.179063
