7 0.501389 0.505510 0.419444 0.399449
8 0.747222 0.491736 0.066667 0.079890
10 0.812500 0.571625 0.208333 0.195592
10 0.838889 0.778237 0.177778 0.212121
10 0.684722 0.738292 0.197222 0.192837
10 0.615278 0.921488 0.213889 0.157025
10 0.379167 0.917355 0.230556 0.165289
10 0.261111 0.911846 0.188889 0.176309
10 0.270833 0.706612 0.247222 0.228650
10 0.170833 0.501377 0.186111 0.181818
10 0.079167 0.451791 0.158333 0.214876
10 0.047222 0.185950 0.094444 0.184573
10 0.248611 0.220386 0.213889 0.165289
10 0.252778 0.320937 0.177778 0.190083
10 0.495833 0.195592 0.241667 0.192837
10 0.744444 0.187328 0.200000 0.198347
10 0.580556 0.053719 0.227778 0.107438
10 0.954167 0.038567 0.091667 0.077135
10 0.961111 0.853994 0.077778 0.209366
