7 0.498611 0.502755 0.386111 0.344353
10 0.755556 0.688705 0.222222 0.198347
10 0.781944 0.769972 0.219444 0.184573
10 0.940278 0.351240 0.119444 0.173554
10 0.912500 0.541322 0.175000 0.190083
10 0.930556 0.615702 0.138889 0.223140
10 0.900000 0.114325 0.200000 0.206612
10 0.697222 0.059229 0.227778 0.118457
10 0.611111 0.067493 0.150000 0.134986
10 0.626389 0.267218 0.186111 0.165289
10 0.581944 0.227273 0.208333 0.195592
10 0.270833 0.276860 0.213889 0.223140
10 0.136111 0.157025 0.244444 0.236915
10 0.100000 0.373278 0.200000 0.195592
10 0.069444 0.579890 0.138889 0.212121
10 0.152778 0.772727 0.216667 0.217631
10 0.356944 0.836088 0.258333 0.212121
10 0.555556 0.914601 0.177778 0.170799
10 0.747222 0.955923 0.227778 0.088154
