8 0.501389 0.501377 0.225000 0.220386
10 0.790278 0.070248 0.286111 0.140496
10 0.937500 0.224518 0.125000 0.300275
10 0.576389 0.133609 0.208333 0.195592
10 0.269444 0.199725 0.266667 0.283747
10 0.133333 0.042700 0.250000 0.085399
10 0.031944 0.517906 0.063889 0.286501
10 0.213889 0.511019 0.238889 0.300275
10 0.633333 0.720386 0.233333 0.201102
10 0.679167 0.640496 0.202778 0.173554
10 0.884722 0.559229 0.230556 0.231405
10 0.934722 0.757576 0.130556 0.198347
10 0.655556 0.954545 0.222222 0.090909
10 0.395833 0.928375 0.236111 0.143251
10 0.254167 0.779614 0.208333 0.198347
