8 0.504167 0.515152 0.225000 0.181818
10 0.816667 0.402204 0.200000 0.154270
10 0.733333 0.417355 0.211111 0.217631
10 0.638889 0.402204 0.166667 0.247934
10 0.895833 0.579890 0.208333 0.234160
10 0.954167 0.782369 0.091667 0.209366
10 0.654167 0.772727 0.191667 0.206612
10 0.633333 0.949036 0.205556 0.101928
10 0.315278 0.931129 0.241667 0.137741
10 0.086111 0.957300 0.172222 0.085399
10 0.140278 0.571625 0.208333 0.206612
10 0.308333 0.473829 0.161111 0.231405
10 0.369444 0.150138 0.211111 0.223140
10 0.438889 0.037190 0.222222 0.074380
10 0.152778 0.119835 0.205556 0.212121
