8 0.498611 0.495868 0.175000 0.170799
10 0.595833 0.312672 0.230556 0.289256
10 0.645833 0.121212 0.219444 0.242424
10 0.920833 0.073003 0.158333 0.146006
10 0.905556 0.303030 0.188889 0.280992
10 0.850000 0.373278 0.255556 0.294766
10 0.469444 0.071625 0.211111 0.143251
10 0.329167 0.221763 0.213889 0.267218
10 0.134722 0.126722 0.230556 0.253444
10 0.226389 0.595041 0.325000 0.297521
10 0.387500 0.683196 0.275000 0.214876
10 0.512500 0.955923 0.247222 0.088154
10 0.318056 0.893939 0.297222 0.212121
