8 0.501389 0.502755 0.163889 0.146006
10 0.237500 0.516529 0.219444 0.212121
10 0.375000 0.695592 0.222222 0.223140
10 0.079167 0.417355 0.158333 0.234160
10 0.045833 0.106061 0.091667 0.212121
10 0.183333 0.050964 0.211111 0.101928
10 0.388889 0.093664 0.211111 0.187328
10 0.298611 0.309917 0.175000 0.195592
10 0.643056 0.252066 0.197222 0.223140
10 0.597222 0.119835 0.188889 0.239669
10 0.797222 0.100551 0.222222 0.201102
10 0.711111 0.476584 0.238889 0.236915
10 0.913889 0.506887 0.172222 0.209366
10 0.838889 0.723140 0.222222 0.228650
10 0.900000 0.920110 0.200000 0.159780
10 0.670833 0.892562 0.213889 0.214876
10 0.491667 0.951791 0.200000 0.096419
10 0.268056 0.891185 0.213889 0.217631
10 0.084722 0.812672 0.169444 0.220386
10 0.072222 0.962810 0.144444 0.074380
