8 0.495833 0.500000 0.180556 0.157025
10 0.590278 0.672176 0.247222 0.231405
10 0.687500 0.081267 0.219444 0.162534
10 0.940278 0.242424 0.119444 0.209366
10 0.759722 0.290634 0.219444 0.212121
10 0.541667 0.282369 0.205556 0.206612
10 0.155556 0.206612 0.172222 0.264463
10 0.222222 0.074380 0.194444 0.148760
10 0.034722 0.292011 0.069444 0.209366
10 0.116667 0.530303 0.200000 0.184573
10 0.045833 0.632231 0.091667 0.223140
10 0.308333 0.584022 0.216667 0.247934
10 0.218056 0.774105 0.197222 0.192837
10 0.109722 0.924242 0.219444 0.151515
10 0.319444 0.971074 0.188889 0.057851
10 0.450000 0.876033 0.211111 0.192837
10 0.690278 0.863636 0.230556 0.223140
10 0.895833 0.951791 0.208333 0.096419
10 0.905556 0.758953 0.188889 0.234160
10 0.975000 0.581267 0.050000 0.165289
