8 0.500000 0.498623 0.205556 0.220386
10 0.559722 0.184573 0.208333 0.325069
10 0.918056 0.112948 0.163889 0.225895
10 0.731944 0.122590 0.225000 0.245179
10 0.820833 0.325069 0.225000 0.264463
10 0.966667 0.330579 0.066667 0.209366
10 0.893056 0.622590 0.213889 0.258953
10 0.965278 0.910468 0.069444 0.179063
10 0.826389 0.950413 0.236111 0.099174
10 0.556944 0.811295 0.230556 0.267218
10 0.670833 0.592287 0.225000 0.286501
10 0.380556 0.311295 0.211111 0.275482
10 0.411111 0.082645 0.227778 0.165289
10 0.195833 0.057851 0.202778 0.115702
10 0.038889 0.126722 0.077778 0.220386
10 0.181944 0.250689 0.208333 0.264463
10 0.255556 0.567493 0.222222 0.247934
10 0.352778 0.758953 0.216667 0.234160
10 0.126389 0.757576 0.236111 0.242424
10 0.056944 0.914601 0.113889 0.170799
