8 0.505556 0.509642 0.194444 0.176309
8 0.218056 0.623967 0.113889 0.107438
10 0.262500 0.403581 0.219444 0.234160
10 0.141667 0.365014 0.238889 0.239669
10 0.377778 0.070248 0.255556 0.140496
10 0.586111 0.174931 0.238889 0.245179
10 0.829167 0.219008 0.202778 0.206612
10 0.959722 0.319559 0.080556 0.203857
10 0.976389 0.066116 0.047222 0.132231
10 0.790278 0.483471 0.263889 0.250689
10 0.945833 0.621212 0.108333 0.217631
10 0.872222 0.921488 0.216667 0.157025
10 0.500000 0.742424 0.233333 0.228650
10 0.354167 0.906336 0.247222 0.187328
10 0.066667 0.876033 0.133333 0.220386
