8 0.505556 0.498623 0.161111 0.176309
8 0.061111 0.380165 0.061111 0.071625
8 0.723611 0.206612 0.125000 0.143251
10 0.895833 0.256198 0.208333 0.225895
10 0.961111 0.095041 0.077778 0.184573
10 0.530556 0.234160 0.211111 0.236915
10 0.683333 0.392562 0.183333 0.212121
10 0.875000 0.502755 0.183333 0.201102
10 0.347222 0.118457 0.216667 0.214876
10 0.138889 0.075758 0.200000 0.151515
10 0.206944 0.300275 0.208333 0.192837
10 0.087500 0.528926 0.175000 0.214876
10 0.302778 0.500000 0.200000 0.206612
10 0.459722 0.684573 0.225000 0.190083
10 0.686111 0.593664 0.194444 0.173554
10 0.933333 0.732782 0.133333 0.209366
10 0.919444 0.931129 0.161111 0.137741
10 0.716667 0.866391 0.216667 0.228650
10 0.680556 0.947658 0.205556 0.104683
10 0.494444 0.885675 0.183333 0.184573
10 0.306944 0.914601 0.180556 0.170799
10 0.241667 0.707989 0.172222 0.198347
10 0.031944 0.742424 0.063889 0.184573
10 0.105556 0.921488 0.211111 0.157025
