8 0.504167 0.495868 0.152778 0.170799
10 0.462500 0.245179 0.208333 0.203857
10 0.287500 0.030303 0.202778 0.060606
10 0.681944 0.053719 0.208333 0.107438
10 0.962500 0.042700 0.075000 0.085399
10 0.852778 0.341598 0.205556 0.187328
10 0.645833 0.374656 0.191667 0.198347
10 0.291667 0.563361 0.205556 0.223140
10 0.638889 0.661157 0.233333 0.198347
10 0.858333 0.581267 0.250000 0.220386
10 0.934722 0.859504 0.130556 0.220386
10 0.679167 0.976584 0.175000 0.046832
10 0.491667 0.906336 0.222222 0.187328
