8 0.502778 0.501377 0.177778 0.170799
10 0.273611 0.466942 0.208333 0.234160
10 0.527778 0.042700 0.205556 0.085399
10 0.662500 0.148760 0.208333 0.236915
10 0.915278 0.099174 0.169444 0.198347
10 0.973611 0.265840 0.052778 0.190083
10 0.947222 0.438017 0.105556 0.247934
10 0.776389 0.305785 0.197222 0.231405
10 0.777778 0.439394 0.227778 0.217631
10 0.868056 0.600551 0.225000 0.231405
10 0.937500 0.820937 0.125000 0.236915
10 0.748611 0.779614 0.241667 0.231405
10 0.647222 0.592287 0.211111 0.225895
10 0.544444 0.848485 0.227778 0.220386
10 0.420833 0.663912 0.241667 0.242424
10 0.318056 0.903581 0.230556 0.192837
10 0.129167 0.962810 0.147222 0.074380
10 0.031944 0.841598 0.063889 0.195592
10 0.166667 0.662534 0.250000 0.234160
10 0.068056 0.471074 0.136111 0.247934
10 0.202778 0.206612 0.250000 0.209366
