8 0.504167 0.502755 0.186111 0.206612
10 0.694444 0.621212 0.194444 0.217631
10 0.905556 0.665289 0.188889 0.184573
10 0.663889 0.858127 0.216667 0.195592
10 0.565278 0.973829 0.186111 0.052342
10 0.333333 0.953168 0.205556 0.093664
10 0.129167 0.907713 0.225000 0.184573
10 0.061111 0.703857 0.122222 0.228650
10 0.054167 0.486226 0.108333 0.195592
10 0.119444 0.294766 0.238889 0.214876
10 0.250000 0.133609 0.200000 0.195592
10 0.425000 0.071625 0.233333 0.143251
10 0.711111 0.242424 0.205556 0.198347
10 0.961111 0.210744 0.077778 0.206612
10 0.959722 0.472452 0.080556 0.206612
10 0.434722 0.639118 0.230556 0.242424
10 0.247222 0.688705 0.205556 0.253444
10 0.401389 0.319559 0.230556 0.209366
