8 0.501389 0.513774 0.180556 0.168044
10 0.241667 0.245179 0.233333 0.225895
10 0.780556 0.073003 0.216667 0.146006
10 0.677778 0.216253 0.200000 0.217631
10 0.462500 0.196970 0.202778 0.223140
10 0.026389 0.050964 0.052778 0.101928
10 0.025000 0.258953 0.050000 0.187328
10 0.323611 0.575758 0.191667 0.247934
10 0.101389 0.617080 0.202778 0.242424
10 0.034722 0.822314 0.069444 0.206612
10 0.212500 0.752066 0.213889 0.220386
10 0.552778 0.710744 0.188889 0.209366
10 0.616667 0.399449 0.222222 0.192837
10 0.856944 0.502755 0.213889 0.201102
10 0.898611 0.702479 0.202778 0.198347
10 0.725000 0.836088 0.216667 0.206612
10 0.175000 0.944904 0.205556 0.110193
