8 0.501389 0.500000 0.180556 0.184573
10 0.673611 0.330579 0.208333 0.203857
10 0.831944 0.163912 0.236111 0.223140
10 0.944444 0.055096 0.111111 0.110193
10 0.597222 0.125344 0.205556 0.206612
10 0.508333 0.019284 0.155556 0.038567
10 0.198611 0.217631 0.213889 0.231405
10 0.073611 0.084022 0.147222 0.146006
10 0.379167 0.345730 0.219444 0.212121
10 0.286111 0.471074 0.188889 0.236915
10 0.088889 0.460055 0.177778 0.258953
10 0.562500 0.703857 0.247222 0.206612
10 0.763889 0.535813 0.200000 0.239669
10 0.934722 0.442149 0.130556 0.228650
10 0.951389 0.684573 0.097222 0.217631
10 0.919444 0.891185 0.161111 0.157025
10 0.795833 0.760331 0.225000 0.209366
10 0.706944 0.953168 0.180556 0.093664
10 0.362500 0.889807 0.252778 0.220386
10 0.211111 0.710744 0.205556 0.181818
10 0.079167 0.881543 0.158333 0.236915
