8 0.505556 0.500000 0.244444 0.223140
10 0.709722 0.307163 0.236111 0.261708
10 0.913889 0.374656 0.172222 0.242424
10 0.884722 0.103306 0.230556 0.206612
10 0.636111 0.048209 0.227778 0.096419
10 0.500000 0.195592 0.222222 0.286501
10 0.395833 0.026171 0.180556 0.052342
10 0.141667 0.187328 0.250000 0.253444
10 0.266667 0.461433 0.233333 0.212121
10 0.083333 0.628099 0.166667 0.242424
10 0.286111 0.760331 0.233333 0.258953
10 0.112500 0.871901 0.225000 0.256198
10 0.401389 0.925620 0.213889 0.148760
10 0.659722 0.887052 0.275000 0.225895
10 0.908333 0.953168 0.183333 0.093664
10 0.943056 0.792011 0.113889 0.239669
10 0.783333 0.702479 0.227778 0.242424
10 0.534722 0.650138 0.319444 0.220386
