8 0.501389 0.500000 0.158333 0.151515
8 0.409722 0.407713 0.041667 0.044077
8 0.391667 0.169421 0.038889 0.030303
8 0.334722 0.165289 0.041667 0.044077
8 0.326389 0.121212 0.041667 0.044077
8 0.761111 0.597796 0.072222 0.088154
8 0.140278 0.747934 0.102778 0.090909
10 0.037500 0.706612 0.075000 0.228650
10 0.061111 0.117080 0.122222 0.234160
10 0.383333 0.045455 0.233333 0.090909
10 0.715278 0.055096 0.247222 0.110193
10 0.659722 0.242424 0.213889 0.214876
10 0.823611 0.385675 0.191667 0.187328
10 0.902778 0.571625 0.194444 0.195592
10 0.920833 0.790634 0.158333 0.203857
10 0.959722 0.953168 0.080556 0.093664
10 0.733333 0.811295 0.188889 0.201102
10 0.590278 0.679063 0.208333 0.206612
10 0.356944 0.410468 0.186111 0.198347
10 0.433333 0.312672 0.244444 0.223140
10 0.208333 0.224518 0.188889 0.239669
10 0.059722 0.446281 0.119444 0.231405
10 0.309722 0.709366 0.269444 0.239669
10 0.325000 0.962810 0.200000 0.074380
10 0.091667 0.924242 0.183333 0.151515
10 0.790278 0.969697 0.180556 0.060606
