8 0.506944 0.493113 0.191667 0.203857
8 0.786111 0.575758 0.050000 0.055096
10 0.912500 0.504132 0.175000 0.214876
10 0.930556 0.115702 0.138889 0.192837
10 0.881944 0.100551 0.125000 0.201102
10 0.873611 0.331956 0.191667 0.157025
10 0.668056 0.230028 0.219444 0.217631
10 0.718056 0.075758 0.202778 0.151515
10 0.361111 0.057851 0.194444 0.115702
10 0.511111 0.137741 0.183333 0.181818
10 0.244444 0.163912 0.166667 0.190083
10 0.077778 0.136364 0.155556 0.206612
10 0.133333 0.319559 0.188889 0.209366
10 0.029167 0.319559 0.058333 0.192837
10 0.073611 0.527548 0.147222 0.206612
10 0.325000 0.392562 0.200000 0.201102
10 0.340278 0.628099 0.208333 0.192837
10 0.094444 0.852617 0.188889 0.212121
10 0.256944 0.958678 0.219444 0.082645
10 0.465278 0.928375 0.219444 0.143251
10 0.569444 0.743802 0.233333 0.269972
10 0.763889 0.849862 0.238889 0.245179
10 0.952778 0.863636 0.094444 0.206612
10 0.875000 0.960055 0.183333 0.079890
