8 0.508333 0.493113 0.177778 0.176309
10 0.316667 0.539945 0.172222 0.181818
10 0.102778 0.523416 0.205556 0.198347
10 0.045833 0.780992 0.091667 0.195592
10 0.222222 0.844353 0.211111 0.206612
10 0.344444 0.958678 0.194444 0.082645
10 0.701389 0.907713 0.208333 0.184573
10 0.927778 0.917355 0.144444 0.165289
10 0.656944 0.679063 0.213889 0.245179
10 0.852778 0.530303 0.211111 0.201102
10 0.938889 0.432507 0.122222 0.225895
10 0.818056 0.323691 0.191667 0.212121
10 0.897222 0.088154 0.205556 0.176309
10 0.504167 0.044077 0.202778 0.088154
10 0.091667 0.092287 0.183333 0.184573
10 0.212500 0.297521 0.213889 0.192837
10 0.426389 0.212121 0.219444 0.181818
10 0.601389 0.348485 0.213889 0.206612
10 0.684722 0.139118 0.213889 0.217631
