8 0.501389 0.504132 0.180556 0.187328
8 0.498611 0.370523 0.075000 0.079890
8 0.638889 0.544077 0.061111 0.079890
8 0.461111 0.855372 0.061111 0.063361
10 0.630556 0.785124 0.216667 0.181818
10 0.888889 0.906336 0.222222 0.187328
10 0.661111 0.946281 0.216667 0.107438
10 0.381944 0.946281 0.225000 0.107438
10 0.202778 0.803030 0.216667 0.239669
10 0.036111 0.783747 0.072222 0.201102
10 0.073611 0.523416 0.147222 0.198347
10 0.036111 0.319559 0.072222 0.170799
10 0.087500 0.064738 0.175000 0.129477
10 0.177778 0.201102 0.211111 0.214876
10 0.386111 0.267218 0.227778 0.231405
10 0.266667 0.502755 0.216667 0.217631
10 0.391667 0.687328 0.222222 0.195592
10 0.809722 0.593664 0.230556 0.217631
10 0.912500 0.371901 0.175000 0.225895
10 0.908333 0.271350 0.183333 0.228650
10 0.891667 0.064738 0.216667 0.129477
10 0.680556 0.039945 0.166667 0.079890
10 0.665278 0.137741 0.225000 0.236915
10 0.473611 0.078512 0.169444 0.157025
10 0.670833 0.377410 0.225000 0.198347
