8 0.497222 0.502755 0.155556 0.157025
8 0.348611 0.694215 0.080556 0.071625
10 0.495833 0.696970 0.197222 0.231405
10 0.693056 0.640496 0.202778 0.234160
10 0.730556 0.462810 0.233333 0.214876
10 0.900000 0.640496 0.200000 0.239669
10 0.904167 0.522039 0.191667 0.112948
10 0.948611 0.398072 0.102778 0.245179
10 0.912500 0.280992 0.175000 0.264463
10 0.952778 0.064738 0.094444 0.129477
10 0.588889 0.038567 0.205556 0.077135
10 0.554167 0.092287 0.247222 0.184573
10 0.745833 0.210744 0.202778 0.239669
10 0.231944 0.042700 0.191667 0.085399
10 0.077778 0.112948 0.155556 0.225895
10 0.340278 0.363636 0.225000 0.247934
10 0.438889 0.311295 0.238889 0.209366
10 0.581944 0.331956 0.241667 0.239669
10 0.105556 0.381543 0.211111 0.228650
10 0.194444 0.618457 0.194444 0.223140
10 0.084722 0.623967 0.169444 0.239669
10 0.066667 0.760331 0.133333 0.253444
10 0.090278 0.954545 0.180556 0.090909
10 0.247222 0.841598 0.205556 0.217631
10 0.920833 0.949036 0.158333 0.101928
10 0.894444 0.880165 0.211111 0.190083
10 0.695833 0.971074 0.208333 0.057851
10 0.652778 0.895317 0.233333 0.209366
10 0.429167 0.944904 0.225000 0.110193
10 0.316667 0.980716 0.155556 0.038567
