8 0.497222 0.500000 0.205556 0.195592
10 0.309722 0.360882 0.241667 0.209366
10 0.690278 0.053719 0.213889 0.107438
10 0.900000 0.068871 0.200000 0.137741
10 0.680556 0.403581 0.188889 0.201102
10 0.837500 0.511019 0.219444 0.223140
10 0.934722 0.673554 0.130556 0.239669
10 0.812500 0.867769 0.208333 0.187328
10 0.638889 0.764463 0.222222 0.206612
10 0.391667 0.658402 0.183333 0.192837
10 0.091667 0.413223 0.183333 0.214876
10 0.045833 0.146006 0.091667 0.203857
10 0.050000 0.756198 0.100000 0.228650
10 0.345833 0.873278 0.219444 0.203857
