8 0.498611 0.509642 0.191667 0.165289
10 0.669444 0.201102 0.244444 0.231405
10 0.550000 0.050964 0.216667 0.101928
10 0.826389 0.030303 0.213889 0.060606
10 0.962500 0.068871 0.075000 0.137741
10 0.916667 0.190083 0.166667 0.231405
10 0.869444 0.353994 0.227778 0.212121
10 0.973611 0.482094 0.052778 0.154270
10 0.823611 0.567493 0.236111 0.203857
10 0.933333 0.772727 0.133333 0.223140
10 0.843056 0.935262 0.219444 0.129477
10 0.704167 0.758953 0.213889 0.195592
10 0.488889 0.892562 0.227778 0.214876
10 0.280556 0.831956 0.205556 0.231405
10 0.130556 0.938017 0.211111 0.123967
10 0.091667 0.750689 0.183333 0.239669
10 0.404167 0.658402 0.236111 0.231405
10 0.238889 0.461433 0.205556 0.228650
10 0.062500 0.472452 0.125000 0.250689
10 0.119444 0.258953 0.222222 0.192837
10 0.412500 0.223140 0.213889 0.214876
10 0.231944 0.084022 0.236111 0.168044
10 0.052778 0.092287 0.105556 0.184573
