8 0.505556 0.545455 0.177778 0.176309
8 0.518056 0.100551 0.075000 0.079890
8 0.272222 0.030303 0.094444 0.060606
8 0.126389 0.172176 0.113889 0.118457
8 0.295833 0.403581 0.102778 0.107438
8 0.886111 0.893939 0.077778 0.085399
8 0.380556 0.984848 0.077778 0.030303
10 0.202778 0.932507 0.166667 0.134986
10 0.091667 0.931129 0.183333 0.137741
10 0.070833 0.736915 0.141667 0.179063
10 0.116667 0.651515 0.161111 0.168044
10 0.222222 0.601928 0.177778 0.201102
10 0.309722 0.553719 0.202778 0.220386
10 0.131944 0.340220 0.219444 0.217631
10 0.412500 0.050964 0.191667 0.101928
10 0.031944 0.169421 0.063889 0.234160
10 0.763889 0.410468 0.261111 0.220386
10 0.645833 0.378788 0.219444 0.212121
10 0.790278 0.630854 0.208333 0.192837
10 0.629167 0.731405 0.197222 0.234160
10 0.469444 0.876033 0.250000 0.247934
10 0.361111 0.756198 0.227778 0.217631
10 0.791667 0.915978 0.266667 0.168044
10 0.894444 0.933884 0.211111 0.132231
10 0.645833 0.971074 0.163889 0.057851
10 0.958333 0.374656 0.083333 0.209366
10 0.938889 0.121212 0.122222 0.220386
10 0.744444 0.163912 0.233333 0.223140
