8 0.504167 0.502755 0.191667 0.173554
8 0.805556 0.152893 0.083333 0.101928
8 0.031944 0.107438 0.063889 0.099174
10 0.294444 0.513774 0.216667 0.179063
10 0.761111 0.293388 0.222222 0.173554
10 0.883333 0.457300 0.227778 0.209366
10 0.695833 0.039945 0.180556 0.079890
10 0.379167 0.063361 0.180556 0.126722
10 0.158333 0.121212 0.177778 0.181818
10 0.063889 0.625344 0.127778 0.214876
10 0.226389 0.725895 0.175000 0.173554
10 0.427778 0.840220 0.200000 0.198347
10 0.638889 0.811295 0.188889 0.201102
10 0.770833 0.942149 0.213889 0.115702
