8 0.498611 0.501377 0.175000 0.187328
10 0.220833 0.404959 0.225000 0.209366
10 0.108333 0.114325 0.216667 0.223140
10 0.381944 0.092287 0.208333 0.184573
10 0.647222 0.078512 0.227778 0.157025
10 0.900000 0.088154 0.200000 0.176309
10 0.781944 0.250689 0.208333 0.214876
10 0.950000 0.280992 0.100000 0.203857
10 0.495833 0.269972 0.202778 0.198347
10 0.093056 0.552342 0.186111 0.228650
10 0.287500 0.641873 0.197222 0.247934
10 0.468056 0.699725 0.197222 0.187328
10 0.381944 0.911846 0.202778 0.176309
10 0.094444 0.904959 0.188889 0.179063
10 0.861111 0.877410 0.200000 0.184573
10 0.973611 0.800275 0.052778 0.190083
10 0.955556 0.965565 0.088889 0.068871
10 0.877778 0.501377 0.194444 0.198347
10 0.679167 0.449036 0.202778 0.225895
