8 0.498611 0.501377 0.191667 0.176309
8 0.565278 0.756198 0.086111 0.090909
8 0.961111 0.314050 0.077778 0.082645
10 0.854167 0.095041 0.241667 0.190083
10 0.690278 0.092287 0.208333 0.184573
10 0.258333 0.050964 0.216667 0.101928
10 0.311111 0.220386 0.238889 0.253444
10 0.284722 0.345730 0.175000 0.201102
10 0.551389 0.238292 0.236111 0.256198
10 0.770833 0.381543 0.213889 0.217631
10 0.916667 0.486226 0.166667 0.206612
10 0.848611 0.673554 0.230556 0.250689
10 0.965278 0.800275 0.069444 0.272727
10 0.827778 0.893939 0.238889 0.212121
10 0.612500 0.924242 0.108333 0.151515
10 0.470833 0.925620 0.236111 0.148760
10 0.236111 0.951791 0.205556 0.096419
10 0.377778 0.805785 0.216667 0.201102
10 0.295833 0.630854 0.247222 0.220386
10 0.165278 0.803030 0.208333 0.217631
10 0.031944 0.745179 0.063889 0.223140
10 0.108333 0.472452 0.216667 0.234160
10 0.045833 0.264463 0.091667 0.187328
