9 0.505556 0.505510 0.411111 0.388430
10 0.345833 0.181818 0.169444 0.209366
10 0.458333 0.185950 0.177778 0.179063
10 0.597222 0.202479 0.172222 0.173554
10 0.687500 0.199725 0.147222 0.179063
10 0.876389 0.198347 0.202778 0.181818
10 0.429167 0.022039 0.186111 0.044077
10 0.162500 0.582645 0.208333 0.184573
10 0.141667 0.652893 0.188889 0.154270
10 0.811111 0.661157 0.194444 0.198347
10 0.854167 0.612948 0.175000 0.173554
10 0.848611 0.471074 0.175000 0.170799
10 0.980556 0.730028 0.038889 0.154270
10 0.937500 0.921488 0.125000 0.157025
10 0.736111 0.965565 0.200000 0.068871
10 0.634722 0.814050 0.208333 0.206612
