9 0.500000 0.537190 0.444444 0.440771
10 0.945833 0.033058 0.108333 0.066116
10 0.950000 0.086777 0.100000 0.107438
10 0.586111 0.060606 0.205556 0.121212
10 0.729167 0.230028 0.191667 0.179063
10 0.879167 0.398072 0.186111 0.201102
10 0.919444 0.498623 0.161111 0.165289
10 0.850000 0.679063 0.216667 0.179063
10 0.750000 0.859504 0.205556 0.170799
10 0.581944 0.909091 0.213889 0.181818
10 0.447222 0.903581 0.183333 0.192837
10 0.306944 0.804408 0.152778 0.170799
10 0.209722 0.874656 0.158333 0.206612
10 0.094444 0.685950 0.166667 0.170799
10 0.152778 0.356749 0.200000 0.223140
10 0.243056 0.283747 0.158333 0.198347
10 0.019444 0.256198 0.038889 0.154270
10 0.011111 0.059229 0.022222 0.101928
10 0.436111 0.184573 0.183333 0.176309
