9 0.502778 0.501377 0.388889 0.369146
10 0.072222 0.059229 0.144444 0.118457
10 0.069444 0.290634 0.138889 0.151515
10 0.108333 0.557851 0.216667 0.201102
10 0.061111 0.969697 0.122222 0.060606
10 0.438889 0.958678 0.216667 0.082645
10 0.765278 0.940771 0.180556 0.118457
10 0.901389 0.852617 0.197222 0.173554
10 0.741667 0.699725 0.227778 0.214876
10 0.930556 0.538567 0.138889 0.162534
10 0.938889 0.214876 0.122222 0.225895
10 0.934722 0.031680 0.130556 0.063361
10 0.751389 0.042700 0.180556 0.085399
10 0.566667 0.125344 0.188889 0.228650
