9 0.505556 0.586777 0.511111 0.468320
8 0.404167 0.187328 0.080556 0.077135
10 0.079167 0.071625 0.158333 0.143251
10 0.138889 0.274105 0.277778 0.206612
10 0.295833 0.103306 0.186111 0.184573
10 0.513889 0.019284 0.138889 0.038567
10 0.648611 0.015152 0.119444 0.030303
10 0.916667 0.039945 0.166667 0.079890
10 0.150000 0.490358 0.200000 0.181818
10 0.816667 0.207989 0.194444 0.195592
10 0.947222 0.311295 0.105556 0.198347
10 0.962500 0.407713 0.075000 0.165289
10 0.825000 0.450413 0.166667 0.234160
10 0.797222 0.727273 0.188889 0.187328
10 0.954167 0.870523 0.091667 0.209366
10 0.872222 0.975207 0.172222 0.049587
10 0.677778 0.914601 0.227778 0.170799
10 0.284722 0.838843 0.213889 0.184573
10 0.080556 0.877410 0.161111 0.195592
10 0.281944 0.972452 0.208333 0.055096
