9 0.504167 0.553719 0.402778 0.396694
10 0.113889 0.382920 0.227778 0.181818
10 0.191667 0.081267 0.205556 0.162534
10 0.380556 0.212121 0.277778 0.220386
10 0.623611 0.206612 0.163889 0.275482
10 0.802778 0.075758 0.250000 0.146006
10 0.981944 0.101928 0.036111 0.159780
10 0.891667 0.533058 0.216667 0.228650
10 0.947222 0.776860 0.105556 0.214876
10 0.752778 0.736915 0.172222 0.168044
10 0.765278 0.812672 0.191667 0.187328
10 0.556944 0.893939 0.213889 0.212121
10 0.329167 0.958678 0.208333 0.082645
10 0.043056 0.933884 0.086111 0.126722
10 0.120833 0.606061 0.191667 0.203857
