9 0.505556 0.498623 0.366667 0.352617
8 0.761111 0.293388 0.077778 0.101928
10 0.258333 0.285124 0.172222 0.173554
10 0.266667 0.201102 0.188889 0.165289
10 0.806944 0.147383 0.186111 0.195592
10 0.873611 0.108815 0.147222 0.168044
10 0.956944 0.015152 0.086111 0.030303
10 0.254167 0.041322 0.130556 0.082645
10 0.083333 0.044077 0.166667 0.088154
10 0.048611 0.312672 0.097222 0.212121
10 0.780556 0.665289 0.172222 0.228650
10 0.987500 0.606061 0.025000 0.126722
10 0.902778 0.904959 0.194444 0.190083
10 0.684722 0.907713 0.236111 0.184573
10 0.522222 0.972452 0.138889 0.055096
10 0.358333 0.944904 0.150000 0.110193
10 0.461111 0.809917 0.172222 0.253444
10 0.313889 0.663912 0.166667 0.165289
10 0.137500 0.643251 0.175000 0.217631
10 0.063889 0.853994 0.127778 0.214876
10 0.175000 0.977961 0.166667 0.044077
