9 0.505556 0.541322 0.438889 0.487603
10 0.979167 0.851240 0.041667 0.176309
10 0.955556 0.798898 0.088889 0.198347
10 0.980556 0.601928 0.038889 0.134986
10 0.813889 0.435262 0.172222 0.181818
10 0.800000 0.298898 0.183333 0.179063
10 0.984722 0.064738 0.030556 0.074380
10 0.908333 0.022039 0.144444 0.044077
10 0.706944 0.063361 0.180556 0.126722
10 0.593056 0.063361 0.169444 0.126722
10 0.615278 0.216253 0.158333 0.173554
10 0.470833 0.133609 0.219444 0.234160
10 0.229167 0.092287 0.197222 0.184573
10 0.233333 0.254821 0.166667 0.184573
10 0.058333 0.148760 0.116667 0.181818
10 0.020833 0.246556 0.041667 0.184573
10 0.119444 0.444904 0.177778 0.195592
10 0.045833 0.438017 0.091667 0.209366
10 0.141667 0.643251 0.177778 0.212121
10 0.043056 0.647383 0.086111 0.170799
10 0.280556 0.789256 0.216667 0.206612
10 0.306944 0.946281 0.191667 0.107438
10 0.129167 0.955923 0.180556 0.088154
10 0.697222 0.953168 0.188889 0.093664
10 0.802778 0.910468 0.161111 0.157025
