9 0.497222 0.559229 0.361111 0.358127
8 0.488889 0.769972 0.050000 0.046832
10 0.106944 0.034435 0.197222 0.068871
10 0.587500 0.024793 0.158333 0.049587
10 0.943056 0.174931 0.113889 0.201102
10 0.976389 0.148760 0.047222 0.132231
10 0.983333 0.015152 0.033333 0.030303
10 0.955556 0.431129 0.088889 0.184573
10 0.811111 0.486226 0.150000 0.190083
10 0.804167 0.533058 0.202778 0.195592
10 0.950000 0.646006 0.100000 0.168044
10 0.647222 0.961433 0.183333 0.077135
10 0.666667 0.889807 0.172222 0.176309
10 0.641667 0.827824 0.211111 0.190083
10 0.308333 0.746556 0.183333 0.214876
10 0.079167 0.831956 0.158333 0.187328
10 0.097222 0.758953 0.194444 0.173554
10 0.019444 0.378788 0.038889 0.157025
10 0.044444 0.264463 0.088889 0.170799
