9 0.516667 0.497245 0.383333 0.482094
8 0.381944 0.176309 0.058333 0.060606
10 0.059722 0.110193 0.119444 0.192837
10 0.193056 0.037190 0.180556 0.074380
10 0.400000 0.070248 0.183333 0.140496
10 0.218056 0.203857 0.175000 0.220386
10 0.409722 0.267218 0.213889 0.176309
10 0.595833 0.154270 0.225000 0.198347
10 0.559722 0.012397 0.119444 0.024793
10 0.776389 0.276860 0.197222 0.206612
10 0.948611 0.185950 0.102778 0.179063
10 0.776389 0.071625 0.180556 0.143251
10 0.940278 0.038567 0.119444 0.077135
10 0.993056 0.691460 0.013889 0.126722
10 0.947222 0.873278 0.105556 0.192837
10 0.902778 0.986226 0.100000 0.027548
10 0.723611 0.969697 0.152778 0.060606
10 0.805556 0.827824 0.172222 0.223140
10 0.572222 0.838843 0.227778 0.184573
10 0.534722 0.976584 0.147222 0.046832
10 0.340278 0.892562 0.219444 0.214876
10 0.272222 0.663912 0.188889 0.192837
10 0.237500 0.432507 0.197222 0.203857
10 0.062500 0.494490 0.125000 0.217631
10 0.095833 0.782369 0.191667 0.280992
