11 0.501389 0.495868 0.352778 0.413223
10 0.811111 0.432507 0.222222 0.214876
10 0.936111 0.628099 0.127778 0.303030
10 0.772222 0.871901 0.261111 0.250689
10 0.530556 0.889807 0.272222 0.220386
10 0.302778 0.757576 0.222222 0.225895
10 0.254167 0.950413 0.236111 0.099174
10 0.101389 0.809917 0.202778 0.236915
10 0.162500 0.508264 0.291667 0.228650
10 0.047222 0.198347 0.094444 0.203857
10 0.200000 0.078512 0.266667 0.157025
10 0.473611 0.075758 0.269444 0.151515
10 0.741667 0.068871 0.266667 0.137741
10 0.905556 0.155647 0.188889 0.223140
