11 0.504167 0.497245 0.447222 0.476584
10 0.841667 0.326446 0.222222 0.228650
10 0.702778 0.081267 0.205556 0.162534
10 0.943056 0.057851 0.113889 0.115702
10 0.906944 0.655647 0.186111 0.258953
10 0.894444 0.794766 0.205556 0.223140
10 0.918056 0.957300 0.163889 0.085399
10 0.701389 0.887052 0.202778 0.209366
10 0.752778 0.971074 0.177778 0.057851
10 0.513889 0.892562 0.233333 0.214876
10 0.427778 0.782369 0.261111 0.192837
10 0.200000 0.960055 0.227778 0.079890
10 0.127778 0.807163 0.222222 0.220386
10 0.050000 0.614325 0.100000 0.214876
10 0.201389 0.480716 0.230556 0.201102
10 0.065278 0.341598 0.130556 0.192837
10 0.193056 0.265840 0.252778 0.234160
10 0.091667 0.078512 0.183333 0.157025
10 0.344444 0.088154 0.233333 0.176309
10 0.548611 0.177686 0.230556 0.195592
