11 0.502778 0.498623 0.511111 0.424242
10 0.200000 0.622590 0.233333 0.192837
10 0.095833 0.651515 0.191667 0.217631
10 0.131944 0.431129 0.219444 0.190083
10 0.056944 0.403581 0.113889 0.223140
10 0.058333 0.275482 0.116667 0.209366
10 0.130556 0.053719 0.205556 0.107438
10 0.366667 0.067493 0.233333 0.134986
10 0.222222 0.212121 0.205556 0.209366
10 0.586111 0.180441 0.216667 0.184573
10 0.862500 0.169421 0.202778 0.201102
10 0.788889 0.373278 0.200000 0.234160
10 0.940278 0.460055 0.119444 0.225895
10 0.877778 0.703857 0.194444 0.239669
10 0.761111 0.646006 0.222222 0.212121
10 0.575000 0.851240 0.216667 0.225895
10 0.791667 0.928375 0.238889 0.143251
10 0.294444 0.826446 0.216667 0.231405
