11 0.501389 0.501377 0.358333 0.374656
10 0.762500 0.674931 0.202778 0.231405
10 0.751389 0.922865 0.186111 0.154270
10 0.933333 0.758953 0.133333 0.206612
10 0.963889 0.546832 0.072222 0.179063
10 0.861111 0.472452 0.194444 0.190083
10 0.972222 0.294766 0.055556 0.154270
10 0.923611 0.095041 0.152778 0.190083
10 0.715278 0.107438 0.202778 0.192837
10 0.270833 0.075758 0.252778 0.151515
10 0.045833 0.398072 0.091667 0.201102
10 0.184722 0.508264 0.202778 0.195592
10 0.155556 0.741047 0.155556 0.203857
10 0.076389 0.727273 0.152778 0.214876
10 0.022222 0.819559 0.044444 0.184573
10 0.036111 0.925620 0.072222 0.148760
10 0.333333 0.902204 0.211111 0.195592
10 0.306944 0.283747 0.208333 0.198347
10 0.519444 0.184573 0.177778 0.203857
10 0.738889 0.327824 0.200000 0.220386
