11 0.508333 0.497245 0.522222 0.443526
10 0.802778 0.707989 0.244444 0.198347
10 0.830556 0.442149 0.205556 0.245179
10 0.916667 0.176309 0.166667 0.220386
10 0.686111 0.203857 0.244444 0.220386
10 0.583333 0.067493 0.216667 0.134986
10 0.366667 0.049587 0.205556 0.099174
10 0.193056 0.154270 0.219444 0.220386
10 0.050000 0.322314 0.100000 0.203857
10 0.183333 0.439394 0.211111 0.190083
10 0.191667 0.655647 0.211111 0.198347
10 0.308333 0.840220 0.222222 0.214876
10 0.044444 0.880165 0.088889 0.195592
10 0.704167 0.893939 0.219444 0.184573
10 0.938889 0.969697 0.122222 0.060606
10 0.970833 0.837466 0.058333 0.176309
