11 0.497222 0.502755 0.450000 0.454545
8 0.065278 0.741047 0.097222 0.093664
10 0.093056 0.887052 0.186111 0.214876
10 0.052778 0.570248 0.105556 0.198347
10 0.161111 0.418733 0.205556 0.225895
10 0.031944 0.330579 0.063889 0.192837
10 0.125000 0.196970 0.222222 0.206612
10 0.301389 0.033058 0.197222 0.066116
10 0.515278 0.055096 0.208333 0.110193
10 0.665278 0.133609 0.197222 0.173554
10 0.840278 0.126722 0.225000 0.231405
10 0.743056 0.308540 0.186111 0.220386
10 0.941667 0.396694 0.116667 0.220386
10 0.855556 0.472452 0.211111 0.245179
10 0.926389 0.640496 0.147222 0.212121
10 0.937500 0.845730 0.125000 0.198347
10 0.745833 0.732782 0.213889 0.203857
10 0.554167 0.836088 0.230556 0.217631
10 0.329167 0.847107 0.202778 0.184573
10 0.212500 0.955923 0.213889 0.088154
10 0.661111 0.971074 0.188889 0.057851
