11 0.501389 0.498623 0.397222 0.440771
10 0.802778 0.286501 0.205556 0.176309
10 0.644444 0.152893 0.216667 0.206612
10 0.811111 0.050964 0.194444 0.101928
10 0.966667 0.048209 0.066667 0.096419
10 0.909722 0.438017 0.180556 0.154270
10 0.947222 0.636364 0.105556 0.187328
10 0.798611 0.595041 0.180556 0.203857
10 0.802778 0.814050 0.211111 0.212121
10 0.926389 0.911846 0.147222 0.176309
10 0.566667 0.814050 0.227778 0.190083
10 0.375000 0.928375 0.205556 0.143251
10 0.197222 0.743802 0.205556 0.198347
10 0.184722 0.366391 0.219444 0.209366
10 0.156944 0.139118 0.219444 0.228650
10 0.050000 0.045455 0.100000 0.090909
10 0.305556 0.028926 0.188889 0.057851
10 0.038889 0.487603 0.077778 0.220386
