11 0.502778 0.502755 0.438889 0.438017
8 0.665278 0.311295 0.069444 0.071625
8 0.891667 0.515152 0.050000 0.071625
8 0.205556 0.106061 0.100000 0.090909
10 0.076389 0.107438 0.152778 0.214876
10 0.347222 0.107438 0.200000 0.214876
10 0.340278 0.026171 0.141667 0.052342
10 0.547222 0.170799 0.222222 0.214876
10 0.655556 0.294766 0.238889 0.214876
10 0.806944 0.432507 0.202778 0.225895
10 0.769444 0.612948 0.200000 0.184573
10 0.965278 0.235537 0.069444 0.201102
10 0.888889 0.053719 0.222222 0.107438
10 0.608333 0.038567 0.266667 0.077135
10 0.288889 0.297521 0.200000 0.198347
10 0.165278 0.449036 0.213889 0.225895
10 0.587500 0.793388 0.213889 0.198347
10 0.580556 0.944904 0.227778 0.110193
10 0.022222 0.584022 0.044444 0.170799
10 0.026389 0.758953 0.052778 0.157025
