11 0.502778 0.504132 0.394444 0.539945
8 0.569444 0.929752 0.066667 0.074380
10 0.826389 0.906336 0.208333 0.187328
10 0.818056 0.407713 0.225000 0.236915
10 0.904167 0.336088 0.191667 0.220386
10 0.922222 0.768595 0.155556 0.203857
10 0.311111 0.866391 0.261111 0.212121
10 0.291667 0.946281 0.183333 0.107438
10 0.101389 0.972452 0.169444 0.055096
10 0.038889 0.866391 0.077778 0.184573
10 0.061111 0.608815 0.122222 0.220386
10 0.238889 0.643251 0.200000 0.234160
10 0.145833 0.331956 0.208333 0.223140
10 0.230556 0.272727 0.188889 0.192837
10 0.062500 0.136364 0.125000 0.212121
10 0.479167 0.081267 0.236111 0.162534
10 0.400000 0.033058 0.177778 0.066116
10 0.952778 0.042700 0.094444 0.085399
