11 0.501389 0.504132 0.319444 0.380165
10 0.766667 0.165289 0.233333 0.225895
10 0.659722 0.217631 0.247222 0.203857
10 0.895833 0.406336 0.208333 0.212121
10 0.926389 0.330579 0.147222 0.269972
10 0.972222 0.088154 0.055556 0.176309
10 0.718056 0.037190 0.308333 0.074380
10 0.568056 0.056474 0.263889 0.112948
10 0.284722 0.119835 0.230556 0.217631
10 0.088889 0.166667 0.177778 0.239669
10 0.301389 0.020661 0.230556 0.041322
10 0.255556 0.703857 0.227778 0.256198
10 0.080556 0.542700 0.161111 0.242424
10 0.091667 0.925620 0.183333 0.148760
10 0.334722 0.910468 0.258333 0.179063
10 0.586111 0.944904 0.255556 0.104683
10 0.790278 0.882920 0.241667 0.234160
10 0.968056 0.772727 0.063889 0.195592
10 0.783333 0.630854 0.277778 0.269972
