11 0.504167 0.502755 0.447222 0.575758
10 0.584722 0.840220 0.225000 0.203857
10 0.781944 0.655647 0.202778 0.231405
10 0.879167 0.466942 0.241667 0.217631
10 0.827778 0.264463 0.233333 0.209366
10 0.601389 0.129477 0.241667 0.231405
10 0.718056 0.055096 0.191667 0.110193
10 0.422222 0.039945 0.227778 0.079890
10 0.362500 0.192837 0.263889 0.214876
10 0.072222 0.369146 0.144444 0.225895
10 0.031944 0.180441 0.063889 0.134986
10 0.247222 0.684573 0.238889 0.245179
10 0.352778 0.849862 0.238889 0.206612
10 0.125000 0.902204 0.233333 0.195592
10 0.063889 0.723140 0.127778 0.223140
10 0.406944 0.983471 0.258333 0.033058
