11 0.509722 0.512397 0.391667 0.440771
10 0.806944 0.331956 0.236111 0.228650
10 0.941667 0.250689 0.116667 0.258953
10 0.820833 0.117080 0.202778 0.201102
10 0.934722 0.546832 0.130556 0.206612
10 0.929167 0.782369 0.141667 0.220386
10 0.656944 0.783747 0.186111 0.173554
10 0.747222 0.880165 0.233333 0.184573
10 0.745833 0.746556 0.186111 0.148760
10 0.915278 0.962810 0.169444 0.074380
10 0.533333 0.910468 0.205556 0.179063
10 0.381944 0.776860 0.208333 0.187328
10 0.163889 0.865014 0.211111 0.203857
10 0.265278 0.899449 0.236111 0.201102
10 0.236111 0.567493 0.172222 0.209366
10 0.066667 0.601928 0.133333 0.217631
10 0.131944 0.493113 0.191667 0.220386
10 0.043056 0.223140 0.086111 0.220386
10 0.081944 0.053719 0.163889 0.107438
10 0.181944 0.068871 0.208333 0.137741
10 0.461111 0.192837 0.227778 0.181818
10 0.622222 0.057851 0.255556 0.115702
10 0.384722 0.152893 0.236111 0.201102
10 0.244444 0.303030 0.205556 0.198347
