11 0.501389 0.541322 0.425000 0.421488
8 0.937500 0.202479 0.075000 0.074380
10 0.851389 0.615702 0.219444 0.245179
10 0.820833 0.104683 0.197222 0.187328
10 0.745833 0.150138 0.230556 0.195592
10 0.505556 0.092287 0.222222 0.184573
10 0.272222 0.059229 0.261111 0.118457
10 0.061111 0.100551 0.122222 0.201102
10 0.162500 0.206612 0.202778 0.220386
10 0.318056 0.318182 0.202778 0.212121
10 0.063889 0.515152 0.127778 0.231405
10 0.100000 0.752066 0.200000 0.231405
10 0.276389 0.720386 0.186111 0.261708
10 0.558333 0.853994 0.222222 0.214876
10 0.437500 0.825069 0.163889 0.201102
10 0.294444 0.917355 0.200000 0.165289
10 0.687500 0.964187 0.219444 0.071625
10 0.966667 0.511019 0.066667 0.195592
