11 0.498611 0.505510 0.402778 0.460055
10 0.572222 0.809917 0.222222 0.225895
10 0.905556 0.398072 0.188889 0.190083
10 0.956944 0.601928 0.086111 0.217631
10 0.958333 0.147383 0.083333 0.256198
10 0.834722 0.099174 0.169444 0.198347
10 0.697222 0.064738 0.233333 0.129477
10 0.437500 0.174931 0.208333 0.217631
10 0.323611 0.282369 0.213889 0.201102
10 0.084722 0.154270 0.169444 0.214876
10 0.129167 0.451791 0.202778 0.225895
10 0.250000 0.534435 0.155556 0.253444
10 0.304167 0.787879 0.202778 0.192837
10 0.056944 0.691460 0.113889 0.220386
10 0.054167 0.943526 0.108333 0.112948
